-2.9596424750        0.0085176118       -0.0006448469        0.0010330175
-2.9774701782        0.0073760529       -0.0004365232        0.0012247800
-3.0691130579        0.0071550780       -0.0004483468        0.0010379107
-3.1873842739        0.0064990453       -0.0008231545        0.0010888123
-3.2934779358        0.0068342097        0.0004294477        0.0012603837
-3.3970300354        0.0071170356        0.0003911139        0.0010921923
-3.4749779891        0.0061115511        0.0002857644        0.0010964753
-3.5664024660        0.0067722394       -0.0011134628        0.0010750899
-3.6520370385        0.0072056917       -0.0004376889        0.0009517321
-3.7363678517        0.0066737383        0.0002482548        0.0010080913
-3.8022446736        0.0060106766       -0.0007522055        0.0009076365
-3.8874559113        0.0057268395        0.0014813285        0.0009935494
-3.9588252133        0.0057473888       -0.0005259837        0.0010005478
-4.0276973942        0.0052955617       -0.0003662304        0.0009926979
-4.1004691974        0.0055169933       -0.0000625217        0.0009135179
-4.1790839038        0.0060644617        0.0005684139        0.0009079157
-4.2403250069        0.0065322814        0.0003531866        0.0009451315
-4.3106384124        0.0061725818       -0.0006744206        0.0008251988
-4.3499867160        0.0061368584        0.0004119375        0.0008371979
-4.4161311147        0.0046562435       -0.0002850261        0.0008616261
-4.4677182772        0.0054947894        0.0014714091        0.0008611073
-4.5335041418        0.0057610693        0.0007447414        0.0009369636
-4.5788402672        0.0051975716        0.0012088882        0.0007875683
-4.6346867853        0.0057289636       -0.0000821802        0.0008205634
-4.6842198269        0.0058732767        0.0006216213        0.0008670723
-4.7277389436        0.0053696205       -0.0006947367        0.0007592126
-4.7799215514        0.0054701629       -0.0006355525        0.0007918667
-4.8382295683        0.0057686713        0.0001586052        0.0007935901
-4.8644117128        0.0067981473        0.0004640328        0.0008431428
-4.9077644415        0.0058607610       -0.0009906055        0.0007958102
-4.9639029956        0.0062219078       -0.0002854883        0.0007988315
-5.0042150407        0.0057946927        0.0006490119        0.0008557875
-5.0581549160        0.0058148594       -0.0001535534        0.0008152704
-5.0984339324        0.0058639645       -0.0012244543        0.0009250864
-5.1659301811        0.0059930836       -0.0006417377        0.0009636954
-5.2021243325        0.0060195082       -0.0003705214        0.0008124747
-5.2374536303        0.0064951675       -0.0004170750        0.0007944538
-5.2732336076        0.0067257086        0.0009425018        0.0009144930
-5.3214552139        0.0062076091       -0.0009769816        0.0008695491
-5.3608931943        0.0055956971        0.0004890336        0.0007892662
-5.3856838729        0.0072114984       -0.0004535269        0.0007592538
-5.4173794561        0.0062820602        0.0009618083        0.0007977943
-5.4526029978        0.0063966343       -0.0004830723        0.0007641876
-5.4846246356        0.0074015523       -0.0008258401        0.0007193008
-5.5207030342        0.0065765362       -0.0002750434        0.0007187630
-5.5471023994        0.0071775283        0.0000455496        0.0008950174
-5.5787132141        0.0063508242       -0.0003587149        0.0006697831
-5.6130027378        0.0056079728        0.0000837123        0.0006656654
-5.6390083828        0.0056458316       -0.0007055454        0.0006038777
-5.6765818396        0.0062319596        0.0004475385        0.0006776948
-5.6949226560        0.0076017459       -0.0005390410        0.0006480509
-5.7186809871        0.0062659464       -0.0005153699        0.0006741068
-5.7522465020        0.0063720755        0.0011760844        0.0006182859
-5.7834434043        0.0064984203        0.0011975508        0.0006936717
-5.7911591924        0.0055443037       -0.0012850529        0.0007627502
-5.8228976809        0.0060179384        0.0012170366        0.0006572666
-5.8457838973        0.0057233695       -0.0006688595        0.0006489681
-5.8595192787        0.0051660619        0.0000893470        0.0006395783
-5.8818742318        0.0047784092        0.0009681946        0.0006496559
-5.9063738133        0.0060221457        0.0009177106        0.0005485521
-5.9171621034        0.0051588094       -0.0002423065        0.0006081993
-5.9406393667        0.0052709582       -0.0007710928        0.0006321339
-5.9590628362        0.0053130093        0.0003533497        0.0006306986
-5.9777197751        0.0057778399       -0.0001559566        0.0005663307
-6.0001599095        0.0054598481        0.0010297433        0.0005400691
-6.0168206669        0.0046499485        0.0005224933        0.0005605533
-6.0340898664        0.0048111365        0.0006307315        0.0004794357
-6.0390621747        0.0048774506       -0.0007323136        0.0005547462
-6.0585840622        0.0043446101       -0.0003945291        0.0004854765
-6.0705771866        0.0046308059        0.0000041742        0.0005101522
-6.0869769137        0.0047158331       -0.0005775413        0.0004818897
-6.1005930557        0.0050592873        0.0011015503        0.0005283987
-6.1147903793        0.0042187588        0.0004459220        0.0004484506
-6.1200070478        0.0043762882       -0.0004352887        0.0004335833
-6.1318110047        0.0043210210       -0.0002026386        0.0004666691
-6.1490906859        0.0041283167        0.0007054750        0.0004081265
-6.1589468701        0.0040099658        0.0002900878        0.0004278340
-6.1686479360        0.0038706897        0.0007187619        0.0004307033
-6.1758111208        0.0042461451        0.0006347695        0.0003351682
-6.1846762731        0.0040835043        0.0004812623        0.0003967937
-6.1970454765        0.0040595604       -0.0006103951        0.0003824127
-6.2072159230        0.0035316037        0.0002660634        0.0003697745
-6.2034697148        0.0032378475       -0.0005504430        0.0003832424
-6.2221843837        0.0032077239       -0.0003858935        0.0003894817
-6.2260267529        0.0036807057       -0.0001428902        0.0003864132
-6.2322087532        0.0034598854        0.0002388523        0.0003321401
-6.2404670935        0.0032098218       -0.0004342941        0.0003506451
-6.2459899865        0.0032177189        0.0003688525        0.0003094718
-6.2570328608        0.0029894109        0.0006548589        0.0003274487
-6.2639352878        0.0033302389        0.0001359099        0.0003197128
-6.2671169224        0.0028633377       -0.0002483030        0.0002712515
-6.2751222869        0.0029212735        0.0004934610        0.0002926344
-6.2753489532        0.0026000384        0.0002393757        0.0002693406
-6.2891170202        0.0026041469        0.0006355643        0.0002862813
-6.2882040925        0.0024448528        0.0002492888        0.0002969763
-6.2913142999        0.0025396149       -0.0003274672        0.0002703701
-6.2959819183        0.0026730654        0.0000864600        0.0002672531
-6.3006518620        0.0021000327       -0.0002213328        0.0002381937
-6.3036134798        0.0023209971       -0.0000653114        0.0002466621
-6.3102505657        0.0022982114        0.0002871287        0.0002433179
-6.3064961624        0.0020492338       -0.0002976334        0.0002319970
-6.3145341418        0.0022858733       -0.0001912855        0.0002294763
-6.3197389024        0.0022171449        0.0003073711        0.0002247598
-6.3215773617        0.0017840418        0.0000036942        0.0002287362
-6.3289832081        0.0018749256        0.0001374298        0.0002156210
-6.3277041206        0.0019962587       -0.0002030603        0.0001875149
-6.3295026808        0.0018465287       -0.0000264938        0.0002073028
-6.3343902620        0.0019517112        0.0001627406        0.0002260288
-6.3356438063        0.0018738289       -0.0000181911        0.0001998401
-6.3365001045        0.0019126125       -0.0001908511        0.0001899849
-6.3404943722        0.0017100292        0.0000561020        0.0001801398
-6.3404452384        0.0015906886       -0.0002014028        0.0001990814
-6.3455366476        0.0016448257       -0.0000189682        0.0001699358
-6.3463569821        0.0014630563       -0.0000590754        0.0001660765
-6.3499855434        0.0015024413        0.0001546414        0.0001723593
-6.3508039830        0.0013801134       -0.0000272224        0.0001720605
-6.3507657027        0.0014792243       -0.0001947164        0.0001821651
-6.3530241937        0.0014448126        0.0000112674        0.0001662557
-6.3535217542        0.0013684088       -0.0001504907        0.0001690630
-6.3566910455        0.0013695789        0.0001489000        0.0001729603
-6.3582294159        0.0013325259        0.0000519069        0.0001715653
-6.3601116558        0.0012104264        0.0001769047        0.0001570925
-6.3613851801        0.0012460188        0.0001957275        0.0001463644
-6.3633437034        0.0011181010        0.0001399890        0.0001378157
-6.3645922269        0.0014173020        0.0001010112        0.0001544293
-6.3634828884        0.0012386627       -0.0000232843        0.0001316366
-6.3639564685        0.0012528392       -0.0000304790        0.0001358796
-6.3640599483        0.0011392965       -0.0002278719        0.0001421842
-6.3661705273        0.0010773664        0.0000178930        0.0001349445
-6.3675239511        0.0010725984       -0.0000130746        0.0001320587
-6.3688737129        0.0010293376        0.0000490416        0.0001240062
-6.3678863884        0.0009655149       -0.0000827279        0.0001281596
-6.3705426913        0.0009306348       -0.0000244785        0.0001202102
-6.3704756975        0.0009453310        0.0000515884        0.0001179859
-6.3726572668        0.0007716017       -0.0000577040        0.0001150809
-6.3727077124        0.0008578516        0.0001196177        0.0001162809
-6.3719375388        0.0008337901        0.0000138433        0.0001123136
-6.3731117715        0.0008280712       -0.0000533385        0.0001083049
-6.3741466748        0.0007500993        0.0001522621        0.0001194654
-6.3732639319        0.0007563969       -0.0001036865        0.0001055090
-6.3742869481        0.0007375176       -0.0001756812        0.0001183042
-6.3753420116        0.0007357005       -0.0001262865        0.0001124283
-6.3753785892        0.0006861845       -0.0001128834        0.0001047929
-6.3777130594        0.0006247311       -0.0001766640        0.0000987390
-6.3763806084        0.0006513093       -0.0000500168        0.0001081087
-6.3769292570        0.0006318108        0.0000515923        0.0001053991
-6.3779280052        0.0006299807       -0.0000451721        0.0001005758
-6.3769442203        0.0006549084       -0.0002212846        0.0001087369
-6.3781182270        0.0005860722       -0.0000356787        0.0000916270
-6.3789704796        0.0006246516        0.0000089634        0.0000924974
-6.3787406031        0.0005959682       -0.0000519045        0.0000863845
-6.3790349465        0.0005715726        0.0000080955        0.0000852659
-6.3793567566        0.0005346812        0.0000556749        0.0000770285
-6.3801471552        0.0005116778        0.0000374995        0.0000942847
-6.3801713280        0.0005353565        0.0001050991        0.0000861937
-6.3789873247        0.0005545185        0.0000334750        0.0000866812
-6.3801391459        0.0004252690       -0.0000914855        0.0000847363
-6.3805253446        0.0005210138       -0.0000448300        0.0000820852
-6.3810566420        0.0004582574       -0.0000423108        0.0000895400
-6.3809901426        0.0004374581        0.0001577452        0.0000828366
-6.3816507305        0.0004346867       -0.0000298403        0.0000956086
-6.3813584175        0.0003810458        0.0000808809        0.0000896629
-6.3815554870        0.0003835071       -0.0001214380        0.0000880944
-6.3804327769        0.0003764203       -0.0001052988        0.0000803073
-6.3821026786        0.0004317951        0.0000018312        0.0000773737
-6.3818042411        0.0003869336       -0.0000337979        0.0000730459
-6.3823474037        0.0003450519        0.0001757152        0.0000720430
-6.3813937755        0.0003981014       -0.0000910844        0.0000762642
-6.3827148227        0.0003381200       -0.0000394021        0.0000787928
-6.3826750523        0.0003509761        0.0000913204        0.0000737341
-6.3815898214        0.0003483154        0.0000353935        0.0000697189
-6.3826299580        0.0003330116        0.0001032600        0.0000799328
-6.3825135024        0.0003205124        0.0000403519        0.0000784351
-6.3825576275        0.0002952075       -0.0000873814        0.0000721604
-6.3826516552        0.0002803645       -0.0000310110        0.0000824034
-6.3831955469        0.0002728690        0.0001007570        0.0000660605
-6.3832052172        0.0003286528       -0.0000949056        0.0000833540
-6.3827161472        0.0003048751       -0.0000182267        0.0000747937
-6.3829671886        0.0003140789       -0.0000768679        0.0000793505
-6.3830985829        0.0002583029        0.0000444137        0.0000712961
-6.3831822819        0.0002609419       -0.0000290704        0.0000756197
-6.3837437221        0.0002576473       -0.0000216655        0.0000789354
-6.3834949334        0.0002611490        0.0000217178        0.0000726914
-6.3834497496        0.0002267630       -0.0000924423        0.0000786705
-6.3833176979        0.0002272358       -0.0000631912        0.0000716301
-6.3835776817        0.0002262980        0.0000542311        0.0000640422
-6.3836863168        0.0002388933        0.0000447506        0.0000592132
-6.3838172940        0.0002230086       -0.0000156068        0.0000650372
-6.3836636026        0.0002473492        0.0000527837        0.0000704866
-6.3837150772        0.0001975277       -0.0000533638        0.0000648867
-6.3837424490        0.0002123793        0.0001022050        0.0000663964
-6.3838157218        0.0001941916        0.0000014113        0.0000770601
-6.3839549873        0.0001956175        0.0000045663        0.0000758133
-6.3840171944        0.0001905857       -0.0000054002        0.0000647564
-6.3834402854        0.0002107000       -0.0000283102        0.0000772682
-6.3836614613        0.0002014475       -0.0000779311        0.0000779868
-6.3839050266        0.0001686775       -0.0000278391        0.0000822579
-6.3837844976        0.0001907488        0.0000353620        0.0000685643
-6.3840043646        0.0001770459       -0.0000833897        0.0000744580
-6.3840581107        0.0001909830        0.0000049005        0.0000718640
-6.3839423960        0.0001923524       -0.0000979426        0.0000699603
-6.3840193663        0.0001647558       -0.0000360424        0.0000851363
-6.3840957523        0.0001653044        0.0000301110        0.0000658972
-6.3841380232        0.0001733829       -0.0001312135        0.0000779727
-6.3841064434        0.0001553166       -0.0000315440        0.0000700717
-6.3840651150        0.0001577297       -0.0000360319        0.0000638857
-6.3839892725        0.0001587745       -0.0001145333        0.0000819960
-6.3839660675        0.0001495982       -0.0000275023        0.0000754229
-6.3840693125        0.0001544514       -0.0000174190        0.0000742365
-6.3842609897        0.0001464823       -0.0000607994        0.0000676718
-6.3845004784        0.0001416367       -0.0000451194        0.0000641449
-6.3840255323        0.0001335603        0.0000407090        0.0000716294
-6.3845077362        0.0001149149       -0.0000301467        0.0000674344
-6.3845536386        0.0001082073       -0.0000465930        0.0000629944
-6.3842412952        0.0001400674        0.0000915684        0.0000685689
-6.3841915991        0.0001424661        0.0001435834        0.0000650703
-6.3840856141        0.0001190607        0.0000274967        0.0000774393
-6.3844529601        0.0001206710        0.0001078241        0.0000586403
-6.3843171567        0.0001305414       -0.0000328316        0.0000684231
-6.3843511298        0.0001142092        0.0000209282        0.0000692654
-6.3845125072        0.0001203907        0.0000700737        0.0000667812
-6.3842782277        0.0001274415        0.0000511845        0.0000734509
-6.3844892041        0.0001144857        0.0000745869        0.0000640814
-6.3844310339        0.0001090731        0.0000484864        0.0000664927
-6.3843838385        0.0001236091       -0.0000939041        0.0000660170
-6.3847059213        0.0000926059        0.0000813667        0.0000717570
-6.3844908520        0.0000996036       -0.0000201333        0.0000709586
-6.3845234693        0.0001165493        0.0000765985        0.0000588123
-6.3845903631        0.0000963325        0.0001107015        0.0000604499
-6.3845453824        0.0000758618       -0.0001472917        0.0000627976
-6.3844356058        0.0001080879       -0.0000278018        0.0000753500
-6.3843244286        0.0001026345       -0.0000407841        0.0000719325
-6.3845525416        0.0000965572        0.0000903552        0.0000558336
-6.3847035804        0.0000757405        0.0000079572        0.0000519009
-6.3845539991        0.0000994640        0.0000268463        0.0000585378
-6.3844567028        0.0000873665        0.0000254430        0.0000730346
-6.3843356190        0.0001028545       -0.0000318839        0.0000690216
-6.3845125347        0.0000870305        0.0000277818        0.0000659783
-6.3845866371        0.0000861660       -0.0000261968        0.0000681056
-6.3845845349        0.0000929927        0.0000398355        0.0000731647
-6.3845178067        0.0000944925       -0.0001058399        0.0000634687
-6.3844965025        0.0000888878        0.0000216930        0.0000656699
-6.3844414113        0.0000873703       -0.0000426885        0.0000702803
-6.3846640207        0.0000816826       -0.0000241623        0.0000641165
-6.3843455439        0.0001031544        0.0000581281        0.0000654113
-6.3845803666        0.0000766018        0.0000347841        0.0000585834
-6.3846167622        0.0000714897        0.0000831257        0.0000600235
-6.3844372641        0.0000790703       -0.0001151167        0.0000767235
-6.3844954161        0.0000873869       -0.0000441517        0.0000678184
-6.3844853123        0.0000831309        0.0000124732        0.0000662711
-6.3844112536        0.0000953669       -0.0000672303        0.0000845701
-6.3846214263        0.0000684817       -0.0000219603        0.0000622568
-6.3845298841        0.0000840066        0.0000129288        0.0000621203
-6.3844338660        0.0000851756        0.0000581974        0.0000733415
-6.3845328081        0.0000745293        0.0001230886        0.0000605870
-6.3844859290        0.0000918434        0.0000399243        0.0000860789
-6.3846107346        0.0000726592       -0.0000290600        0.0000619982
-6.3843899491        0.0000871460        0.0000582120        0.0000772727
-6.3845367470        0.0000770895        0.0000256383        0.0000603312
-6.3845915882        0.0000680099       -0.0000893238        0.0000675088
-6.3845033039        0.0000720477       -0.0001370583        0.0000695480
-6.3845723367        0.0000766280       -0.0001135347        0.0000639262
-6.3845095313        0.0000773001        0.0000110884        0.0000611668
-6.3843726064        0.0000776537       -0.0000485589        0.0000691134
-6.3846641075        0.0000670449       -0.0000807371        0.0000742432
-6.3844005381        0.0000914711        0.0000354941        0.0000744907
-6.3846164501        0.0000809176        0.0000535489        0.0000633611
-6.3844072139        0.0000734208       -0.0001082431        0.0000779445
-6.3845355166        0.0000623974        0.0000027985        0.0000726052
-6.3845154043        0.0000804789        0.0000061385        0.0000671099
-6.3845168504        0.0000758212       -0.0000193188        0.0000615585
-6.3845778794        0.0000651891       -0.0000998230        0.0000754128
-6.3846365497        0.0000746024       -0.0000208196        0.0000618460
-6.3846061100        0.0000603674        0.0001214630        0.0000570830
-6.3845745148        0.0000648093       -0.0000647560        0.0000719188
-6.3845346739        0.0000617722       -0.0000185427        0.0000671303
-6.3844927151        0.0000806021       -0.0000243009        0.0000633447
-6.3846273326        0.0000795344        0.0000172394        0.0000561604
-6.3846717897        0.0000630346       -0.0000595986        0.0000692518
-6.3845276165        0.0000873295       -0.0000270690        0.0000821146
-6.3844921402        0.0000813029        0.0000455557        0.0000604729
-6.3845509155        0.0000701258       -0.0000096272        0.0000764316
-6.3845143706        0.0000718826       -0.0000735974        0.0000589620
-6.3844343444        0.0000749126       -0.0000647408        0.0000718944
-6.3847089058        0.0000699044       -0.0000376245        0.0000603953
-6.3846232464        0.0000671985        0.0000580993        0.0000564504
-6.3845270714        0.0000815581       -0.0000012275        0.0000683043
-6.3844828537        0.0000729785       -0.0001031348        0.0000778361
-6.3845208733        0.0000626183        0.0000430521        0.0000607801
-6.3845202002        0.0000800804        0.0000317627        0.0000588899
-6.3845327418        0.0000672349        0.0000376775        0.0000614087
-6.3846365471        0.0000768047       -0.0001007609        0.0000742216
-6.3845977257        0.0000661676       -0.0001435369        0.0000647002
-6.3846913432        0.0000662550       -0.0000763681        0.0000647113
-6.3846208863        0.0000623826        0.0000951894        0.0000598569
-6.3845838075        0.0000714076       -0.0000535968        0.0000698793
-6.3846180887        0.0000667901        0.0000695015        0.0000555437
-6.3845489451        0.0000633574       -0.0000803924        0.0000660158
-6.3845098603        0.0000749092       -0.0000688078        0.0000741956
-6.3845150691        0.0000664327        0.0000699116        0.0000664188
-6.3844572285        0.0000713399        0.0000426301        0.0000624539
-6.3846186524        0.0000593492        0.0001048539        0.0000642804
-6.3844440813        0.0000719465        0.0001052041        0.0000631970
-6.3845360693        0.0000664381        0.0000400198        0.0000742655
-6.3844784029        0.0000726949        0.0000005122        0.0000658323
-6.3846553152        0.0000744136        0.0000903686        0.0000529163
-6.3846617732        0.0000687654       -0.0000297360        0.0000556963
-6.3846077810        0.0000564791        0.0000887317        0.0000527723
-6.3845409729        0.0000660633       -0.0000973406        0.0000676392
-6.3845406179        0.0000638354       -0.0000552476        0.0000544502
-6.3845844385        0.0000662755        0.0001253453        0.0000537265
-6.3845270752        0.0000708810       -0.0001293344        0.0000652168
-6.3846885298        0.0000593156        0.0000237804        0.0000487112
-6.3845526022        0.0000639507       -0.0001431878        0.0000733477
-6.3845821154        0.0000716462       -0.0000518916        0.0000756495
-6.3845366208        0.0000690487       -0.0000441967        0.0000617497
-6.3845708136        0.0000626616        0.0000488797        0.0000678958
-6.3846831625        0.0000573567       -0.0000796248        0.0000613218
-6.3845552966        0.0000667593        0.0000992751        0.0000706686
-6.3844206472        0.0000796418        0.0000138947        0.0000620045
-6.3844940485        0.0000749376       -0.0000247422        0.0000656242
-6.3845696847        0.0000685157        0.0000756711        0.0000693210
-6.3846416212        0.0000683855       -0.0000132858        0.0000649218
-6.3846451288        0.0000662054       -0.0000801347        0.0000614107
-6.3846209147        0.0000707492       -0.0000859252        0.0000656908
-6.3845891390        0.0000654184        0.0000401812        0.0000601229
-6.3847162052        0.0000604796       -0.0000300050        0.0000573031
-6.3845284253        0.0000713628       -0.0000501422        0.0000695296
-6.3845715077        0.0000635295       -0.0000506748        0.0000725557
-6.3845967533        0.0000655634        0.0000558169        0.0000601555
-6.3845137925        0.0000759267       -0.0001043750        0.0000722003
-6.3846233115        0.0000717082        0.0000007098        0.0000587623
-6.3844470628        0.0000805007        0.0000414342        0.0000595278
-6.3845858668        0.0000748490       -0.0000876979        0.0000663052
-6.3845700673        0.0000717951        0.0000335401        0.0000608706
-6.3846235609        0.0000657487        0.0000126931        0.0000569794
-6.3845309394        0.0000693627       -0.0000062755        0.0000605180
-6.3846003323        0.0000703631       -0.0000610264        0.0000752524
-6.3845938312        0.0000571904        0.0000649703        0.0000556547
-6.3846707040        0.0000632924       -0.0000120481        0.0000607299
-6.3846160144        0.0000581477        0.0000141187        0.0000651501
-6.3845791969        0.0000579111       -0.0001054535        0.0000707927
-6.3846017756        0.0000696042        0.0000034728        0.0000592123
-6.3845996568        0.0000774582       -0.0001020933        0.0000629041
-6.3846024843        0.0000739703        0.0000209155        0.0000618841
-6.3844890149        0.0000635967       -0.0000260349        0.0000666571
-6.3844578418        0.0000700813       -0.0000524745        0.0000743919
-6.3845726785        0.0000693856        0.0001002632        0.0000604382
-6.3845577231        0.0000668870       -0.0000268709        0.0000563620
-6.3846129980        0.0000700766       -0.0000132936        0.0000672030
-6.3845456773        0.0000648512        0.0000255709        0.0000596187
-6.3844958993        0.0000666463       -0.0000348238        0.0000654307
-6.3845152383        0.0000715007        0.0000669371        0.0000556179
-6.3844795238        0.0000646776       -0.0000302496        0.0000693656
-6.3845927528        0.0000801524       -0.0000627692        0.0000626123
-6.3845949351        0.0000627277        0.0000757039        0.0000585414
-6.3846644857        0.0000647126       -0.0000387197        0.0000628939
-6.3845531456        0.0000560445        0.0000194371        0.0000764991
-6.3844900314        0.0000666489        0.0001369810        0.0000646281
-6.3846076029        0.0000614815        0.0000419038        0.0000724298
-6.3846810577        0.0000610752        0.0000052711        0.0000612465
-6.3845603370        0.0000763039       -0.0000131451        0.0000793814
-6.3847595159        0.0000671010        0.0000049643        0.0000619562
-6.3845527679        0.0000688698        0.0000392336        0.0000674101
-6.3845617690        0.0000753581        0.0000082709        0.0000689058
-6.3846340984        0.0000602425        0.0001586715        0.0000538043
-6.3845215972        0.0000603169        0.0002230575        0.0000531692
-6.3846573716        0.0000684642        0.0000972421        0.0000632487
-6.3846693306        0.0000647541       -0.0000626865        0.0000622210
-6.3844956364        0.0000664006       -0.0000408087        0.0000669401
-6.3845993991        0.0000796789       -0.0000631022        0.0000797723
-6.3845806716        0.0000733285        0.0000744734        0.0000583253
-6.3845976466        0.0000704925        0.0000038393        0.0000752959
-6.3845860106        0.0000690939        0.0000573568        0.0000647959
-6.3846284756        0.0000608898        0.0000187386        0.0000560041
-6.3846382521        0.0000672962        0.0000938834        0.0000613939
-6.3846000608        0.0000595934       -0.0000350817        0.0000705134
-6.3846311407        0.0000765004        0.0000702705        0.0000608141
-6.3845229235        0.0000682809       -0.0001073035        0.0000682349
-6.3846593854        0.0000752272        0.0001084840        0.0000587448
-6.3845540134        0.0000622184        0.0000218301        0.0000620029
-6.3845234017        0.0000669120        0.0000064998        0.0000688297
-6.3844850085        0.0000908181        0.0000098472        0.0000746877
-6.3846941251        0.0000522221       -0.0000431522        0.0000650749
-6.3846254524        0.0000552918        0.0001052086        0.0000574320
-6.3846626936        0.0000657759        0.0000475124        0.0000642308
-6.3846356837        0.0000572174       -0.0000913326        0.0000669978
-6.3846513882        0.0000720607       -0.0000588108        0.0000593157
-6.3844744881        0.0000640326        0.0000448281        0.0000589952
-6.3846498080        0.0000610772       -0.0001026442        0.0000587470
-6.3846644143        0.0000554980        0.0000397346        0.0000653107
-6.3845189909        0.0000644438       -0.0000933279        0.0000661851
-6.3846123779        0.0000661490       -0.0001082181        0.0000747207
-6.3846534323        0.0000814964        0.0000018546        0.0000545563
-6.3845029130        0.0000709378        0.0000399313        0.0000695812
-6.3845175567        0.0000779667       -0.0001125101        0.0000821629
-6.3845789485        0.0000613208        0.0000217385        0.0000766787
-6.3844497922        0.0000787508        0.0000781761        0.0000575090
-6.3846837092        0.0000632778        0.0000580394        0.0000590209
-6.3844988922        0.0000717116       -0.0000620761        0.0000643707
-6.3845321971        0.0000747126       -0.0000131417        0.0000641950
-6.3845080539        0.0000778216       -0.0000494229        0.0000629078
-6.3844688954        0.0000813995        0.0000558351        0.0000677037
-6.3845847379        0.0000737856        0.0000178883        0.0000666753
-6.3845677602        0.0000649514        0.0000809858        0.0000530167
-6.3846761449        0.0000622064       -0.0000081873        0.0000598402
-6.3846024760        0.0000580842        0.0000604682        0.0000616972
-6.3845118866        0.0000762820        0.0000769921        0.0000607863
-6.3844902622        0.0000642636       -0.0001275717        0.0000618564
-6.3845401244        0.0000602241        0.0001432460        0.0000649322
-6.3844403582        0.0000772878       -0.0000281993        0.0000839918
-6.3846211490        0.0000688766       -0.0000378149        0.0000636140
-6.3845793682        0.0000690388       -0.0000704756        0.0000639968
-6.3844819780        0.0000643731       -0.0000624661        0.0000658746
-6.3845700465        0.0000648659        0.0000666982        0.0000639495
-6.3845503200        0.0000700746        0.0000249137        0.0000592524
-6.3846504884        0.0000620873        0.0000418893        0.0000592939
-6.3845247912        0.0000719353        0.0001008299        0.0000573438
-6.3845475554        0.0000745463        0.0000887463        0.0000704361
-6.3845900890        0.0000773516       -0.0000300125        0.0000776037
-6.3845356158        0.0000721377       -0.0000312560        0.0000827729
-6.3845448635        0.0000661282       -0.0000471193        0.0000675247
-6.3846286600        0.0000628615       -0.0001332742        0.0000634983
-6.3845851291        0.0000590579        0.0000596905        0.0000561638
-6.3846351416        0.0000659307        0.0000138516        0.0000711341
-6.3845702305        0.0000737046       -0.0000518957        0.0000588604
-6.3846046913        0.0000649802        0.0000170354        0.0000551535
-6.3845640971        0.0000662540        0.0000477590        0.0000527485
-6.3845655640        0.0000655643        0.0000701126        0.0000599716
-6.3845324505        0.0000739910        0.0000009347        0.0000638348
-6.3845395184        0.0000743314       -0.0000610444        0.0000676491
-6.3846908357        0.0000619039        0.0000031633        0.0000648631
-6.3845634559        0.0000706741       -0.0001009738        0.0000540975
-6.3844753874        0.0000891926       -0.0000266534        0.0000710679
-6.3845450383        0.0000659467       -0.0000907832        0.0000773797
-6.3845970960        0.0000711257        0.0000801874        0.0000716319
-6.3845413389        0.0000669663        0.0000126394        0.0000654721
-6.3844331374        0.0000774870       -0.0000642429        0.0000723345
-6.3845361319        0.0000642627        0.0000702538        0.0000621200
-6.3845889578        0.0000598673       -0.0000119698        0.0000637816
-6.3846206775        0.0000733587        0.0000013443        0.0000658855
-6.3846233209        0.0000706711        0.0000050680        0.0000642115
-6.3845224944        0.0000606208        0.0000342244        0.0000517823
-6.3845266939        0.0000668953       -0.0000736248        0.0000693525
-6.3846068926        0.0000810681       -0.0001153176        0.0000564121
-6.3846765134        0.0000659954        0.0000172269        0.0000638697
-6.3846316882        0.0000701246       -0.0000659133        0.0000626363
-6.3845879677        0.0000744585       -0.0000282495        0.0000749970
-6.3844794438        0.0000800633        0.0000778935        0.0000639893
-6.3846163402        0.0000629795       -0.0000486797        0.0000606469
-6.3845555262        0.0000743296       -0.0000528948        0.0000657293
-6.3845853548        0.0000700966       -0.0001688172        0.0000649842
-6.3845671095        0.0000617367        0.0000040809        0.0000669966
-6.3844742973        0.0000739783       -0.0001208029        0.0000787905
-6.3848009828        0.0000695403        0.0000200558        0.0000490390
-6.3845467410        0.0000643854        0.0000753536        0.0000605654
-6.3845477598        0.0000753905        0.0000729707        0.0000581142
-6.3844906026        0.0000719400       -0.0001632765        0.0000734109
-6.3847142502        0.0000723145        0.0000564154        0.0000665275
-6.3847108642        0.0000631118        0.0000016284        0.0000714837
-6.3845854153        0.0000704458       -0.0000112152        0.0000656341
-6.3845782921        0.0000718090        0.0000350029        0.0000633286
-6.3844524934        0.0000666582       -0.0000976016        0.0000709541
-6.3846520598        0.0000676859        0.0000590085        0.0000538250
-6.3844794014        0.0000732358       -0.0000592711        0.0000682264
-6.3846406301        0.0000613917        0.0001206770        0.0000585636
-6.3845706070        0.0000628444       -0.0000308075        0.0000631945
-6.3846654827        0.0000651071        0.0000110997        0.0000623895
-6.3845294378        0.0000747684        0.0001325689        0.0000731283
-6.3845356245        0.0000675351       -0.0000231854        0.0000713844
-6.3846761885        0.0000647071        0.0000844511        0.0000577669
-6.3845274462        0.0000771829       -0.0001194742        0.0000632159
-6.3845872295        0.0000718713       -0.0000287634        0.0000742113
-6.3846146431        0.0000666273        0.0000371685        0.0000574283
-6.3845337341        0.0000612969        0.0000058015        0.0000597076
-6.3845892150        0.0000559800        0.0000025349        0.0000623321
-6.3845942436        0.0000724752        0.0001134567        0.0000560175
-6.3844694363        0.0000815282        0.0000341924        0.0000739443
-6.3845040878        0.0000768944       -0.0001016096        0.0000745903
-6.3846689338        0.0000645687        0.0000928568        0.0000555331
-6.3847107844        0.0000631441       -0.0000597183        0.0000646603
-6.3845854912        0.0000659691       -0.0000096543        0.0000611383
-6.3845015769        0.0000643881        0.0000397665        0.0000554345
-6.3845112962        0.0000728925        0.0000598927        0.0000575977
-6.3845144081        0.0000769366       -0.0000128426        0.0000591851
-6.3845981099        0.0000652478        0.0000738963        0.0000582688
-6.3846271400        0.0000686653       -0.0000764772        0.0000622324
-6.3846097025        0.0000721268       -0.0000692129        0.0000607993
-6.3846354643        0.0000638603        0.0000570604        0.0000588093
-6.3846086838        0.0000668008        0.0001008283        0.0000651906
-6.3845939330        0.0000714461       -0.0000088845        0.0000802202
-6.3846309725        0.0000756795       -0.0000777149        0.0000710562
-6.3846012275        0.0000596493        0.0000161122        0.0000581347
-6.3845410470        0.0000642199        0.0000112506        0.0000665046
-6.3845672755        0.0000589498       -0.0001247746        0.0000676497
-6.3844940296        0.0000716064       -0.0000471777        0.0000688835
-6.3844241342        0.0000656571        0.0000066394        0.0000766435
-6.3846345581        0.0000683556        0.0000016124        0.0000614192
-6.3844900754        0.0000692353        0.0000862315        0.0000702688
-6.3844554781        0.0000715667       -0.0000507523        0.0000640594
-6.3844479665        0.0000664419        0.0000181371        0.0000683250
-6.3845726711        0.0000677954       -0.0000065212        0.0000595562
-6.3845192897        0.0000631666       -0.0001606033        0.0000664905
-6.3846147674        0.0000626117        0.0000154752        0.0000616790
-6.3846698167        0.0000698769       -0.0000391374        0.0000588415
-6.3845143563        0.0000731278        0.0000175319        0.0000662066
-6.3844154388        0.0000708997       -0.0000556791        0.0000788599
-6.3846246362        0.0000800120        0.0000104932        0.0000709205
-6.3845207034        0.0000608788        0.0000321628        0.0000636678
-6.3845511306        0.0000766001       -0.0000780659        0.0000607998
-6.3846275019        0.0000654551       -0.0000678191        0.0000654817
-6.3846236229        0.0000714775        0.0000251815        0.0000680000
-6.3845532593        0.0000752736       -0.0000309882        0.0000610521
-6.3845784412        0.0000633456        0.0000783032        0.0000585499
-6.3845282024        0.0000759973        0.0000313235        0.0000586707
-6.3845834037        0.0000622695        0.0000422428        0.0000614761
-6.3846196466        0.0000628192       -0.0000380662        0.0000645758
-6.3845628474        0.0000614540        0.0001359447        0.0000627032
-6.3845665775        0.0000756168       -0.0000995565        0.0000774015
-6.3846397254        0.0000574862       -0.0000082365        0.0000626335
-6.3845614566        0.0000700390        0.0000670997        0.0000608958
-6.3845284836        0.0000821784       -0.0000641055        0.0000686480
-6.3845491647        0.0000748046       -0.0000329877        0.0000584674
-6.3846224390        0.0000673013       -0.0000881472        0.0000789593
-6.3845561545        0.0000607616        0.0001240826        0.0000630573
-6.3844662414        0.0000686086       -0.0000522134        0.0000598023
-6.3846602013        0.0000583149       -0.0000112139        0.0000677953
-6.3844935870        0.0000660143       -0.0001643550        0.0000721671
-6.3845707996        0.0000762068       -0.0000023223        0.0000670677
-6.3844967879        0.0000740925        0.0000296708        0.0000653737
-6.3845590075        0.0000593641        0.0000457733        0.0000673236
-6.3846269596        0.0000679896       -0.0000620772        0.0000629632
-6.3844760454        0.0000747368       -0.0000899912        0.0000757990
-6.3846874303        0.0000643432        0.0000444815        0.0000669210
-6.3845229825        0.0000582155        0.0000197510        0.0000647529
-6.3847484494        0.0000625159        0.0000085620        0.0000624998
-6.3846312006        0.0000698562        0.0000379583        0.0000656222
-6.3846469213        0.0000648356       -0.0000155994        0.0000593773
-6.3844608907        0.0000756504       -0.0000774692        0.0000663123
-6.3844396760        0.0000648859        0.0000599973        0.0000544147
-6.3845092048        0.0000748700        0.0000134256        0.0000645496
-6.3845997350        0.0000669464       -0.0001070992        0.0000692561
-6.3844927498        0.0000717308       -0.0000434167        0.0000660582
-6.3846422535        0.0000743665       -0.0001387606        0.0000644597
-6.3844827727        0.0000739171        0.0000306717        0.0000722080
-6.3844780000        0.0000787618       -0.0000449279        0.0000666820
-6.3846323503        0.0000656398       -0.0000417131        0.0000615325
-6.3847172878        0.0000581288        0.0000353842        0.0000575058
-6.3845998677        0.0000731102        0.0000347415        0.0000685787
-6.3846429782        0.0000644562        0.0001627330        0.0000444906
-6.3845479984        0.0000713791        0.0000110395        0.0000595066
-6.3847565691        0.0000537258        0.0000201447        0.0000586700
-6.3847210853        0.0000602611        0.0000601998        0.0000522836
-6.3845434406        0.0000696825       -0.0000094250        0.0000629619
-6.3846130337        0.0000668828        0.0000663797        0.0000527677
-6.3846345692        0.0000696371       -0.0000007224        0.0000648375
-6.3844496804        0.0000687732        0.0000610139        0.0000601092
-6.3846962777        0.0000604792        0.0000157549        0.0000586533
-6.3846157160        0.0000663628       -0.0000387580        0.0000668985
-6.3845488528        0.0000636655       -0.0000157680        0.0000539450
-6.3846875092        0.0000732435       -0.0000710141        0.0000645818
-6.3845544452        0.0000636661       -0.0000060647        0.0000635543
-6.3846415480        0.0000565882        0.0000137042        0.0000628511
-6.3845365494        0.0000705696       -0.0000645076        0.0000699005
-6.3846055346        0.0000779526        0.0000434015        0.0000589291
-6.3845738708        0.0000703938        0.0000242059        0.0000579736
-6.3845417871        0.0000737151       -0.0000299130        0.0000692624
-6.3845775490        0.0000759101       -0.0000772551        0.0000700324
-6.3846583439        0.0000622178        0.0001505995        0.0000537105
-6.3845372083        0.0000660043        0.0000362026        0.0000578657
-6.3845612596        0.0000623635        0.0001337328        0.0000572152
-6.3846015290        0.0000583345        0.0001055855        0.0000612071
-6.3844767795        0.0000641742       -0.0001364525        0.0000838852
-6.3846162564        0.0000589445        0.0000055540        0.0000644664
-6.3846283958        0.0000656672       -0.0001291403        0.0000651311
-6.3845819776        0.0000593373        0.0000567819        0.0000609179
-6.3845365925        0.0000661168       -0.0001391035        0.0000839263
-6.3845596698        0.0000774902       -0.0000352580        0.0000652101
-6.3846303222        0.0000688854        0.0000139280        0.0000639190
-6.3845151690        0.0000718182        0.0000311446        0.0000564150
-6.3846112674        0.0000706515       -0.0000755594        0.0000733514
-6.3846571831        0.0000714155        0.0001113882        0.0000610825
-6.3845766543        0.0000645685        0.0001258626        0.0000615450
-6.3847132273        0.0000526806        0.0000475808        0.0000577238
-6.3845690498        0.0000716392        0.0001182357        0.0000649308
-6.3845924965        0.0000673423       -0.0000736612        0.0000730156
-6.3845899897        0.0000651332       -0.0000480211        0.0000671018
-6.3846129772        0.0000747315        0.0000331262        0.0000622896
-6.3846030016        0.0000733767       -0.0001205221        0.0000765886
-6.3844758554        0.0000698420        0.0000386218        0.0000745813
-6.3845731470        0.0000596636        0.0000227420        0.0000600726
-6.3846245719        0.0000690580       -0.0000068029        0.0000560766
-6.3845930072        0.0000643317        0.0000084586        0.0000552300
-6.3846039948        0.0000564390        0.0000454137        0.0000551107
-6.3846580270        0.0000538287       -0.0000572418        0.0000645737
-6.3844349207        0.0000776251        0.0000305618        0.0000668255
-6.3844760761        0.0000680159       -0.0000381877        0.0000623787
-6.3846161390        0.0000671684       -0.0000026320        0.0000643841
-6.3845803885        0.0000641921        0.0000166755        0.0000694283
-6.3845728406        0.0000626157        0.0000390267        0.0000496394
-6.3846959731        0.0000596738        0.0000500107        0.0000610337
-6.3845200037        0.0000723920       -0.0000571049        0.0000716187
-6.3845747692        0.0000676216        0.0000229651        0.0000565877
-6.3844687555        0.0000720509        0.0000223996        0.0000544002
-6.3846236449        0.0000617948        0.0000598932        0.0000620939
-6.3846571408        0.0000588729       -0.0001398067        0.0000674305
-6.3844468390        0.0000770835       -0.0001498933        0.0000764311
-6.3846447619        0.0000664710       -0.0000641906        0.0000666919
-6.3845791351        0.0000724483        0.0000097107        0.0000636799
-6.3845839525        0.0000587240       -0.0000363571        0.0000624768
-6.3844924305        0.0000535801        0.0000328998        0.0000602193
-6.3846923032        0.0000762245       -0.0000519460        0.0000608623
-6.3845661394        0.0000802853       -0.0000831981        0.0000697027
-6.3845936887        0.0000610345       -0.0000055444        0.0000504633
-6.3844309386        0.0000742897        0.0000407324        0.0000618198
-6.3845895674        0.0000631477       -0.0000121664        0.0000620428
-6.3845542796        0.0000619258        0.0000160118        0.0000489531
-6.3845694111        0.0000594677        0.0000002949        0.0000630825
-6.3846153107        0.0000741242        0.0000463897        0.0000694414
-6.3846746080        0.0000609492       -0.0000344061        0.0000658949
-6.3846179491        0.0000680634       -0.0000122697        0.0000557866
-6.3845651007        0.0000680889       -0.0000308378        0.0000639191
-6.3845800517        0.0000621676       -0.0000179324        0.0000559965
-6.3846471803        0.0000646060       -0.0000350563        0.0000652922
-6.3845737559        0.0000604088       -0.0000911843        0.0000710276
-6.3845091662        0.0000575727        0.0002285498        0.0000560173
-6.3845272327        0.0000687917       -0.0001377825        0.0000666890
-6.3845799927        0.0000747499       -0.0000319636        0.0000699905
-6.3847262225        0.0000571408        0.0000732401        0.0000515946
-6.3845117626        0.0000668436        0.0000000386        0.0000645531
-6.3845758585        0.0000745545        0.0000868259        0.0000562386
-6.3846237417        0.0000680490       -0.0000082750        0.0000612148
-6.3845195982        0.0000629092        0.0000143236        0.0000716910
-6.3844250220        0.0000778351       -0.0000702065        0.0000715840
-6.3846610027        0.0000593631       -0.0000217589        0.0000510985
-6.3845293233        0.0000578039       -0.0000398921        0.0000610714
-6.3845162802        0.0000669659       -0.0000777470        0.0000610602
-6.3845867951        0.0000583767        0.0000265691        0.0000599963
-6.3845560508        0.0000646684       -0.0000521740        0.0000642211
-6.3845887784        0.0000701537       -0.0001126045        0.0000600338
-6.3845461944        0.0000673867        0.0000934751        0.0000550636
-6.3845033110        0.0000641051       -0.0000429921        0.0000643161
-6.3845081184        0.0000658003       -0.0000223381        0.0000721336
-6.3845568364        0.0000702058        0.0000025645        0.0000668280
-6.3845447250        0.0000554774        0.0000077196        0.0000694602
-6.3846500307        0.0000602049       -0.0001061310        0.0000695752
-6.3846740403        0.0000650694       -0.0000454344        0.0000744546
-6.3845805464        0.0000662662       -0.0001784762        0.0000651417
-6.3845935879        0.0000610039        0.0000703019        0.0000684251
-6.3846292534        0.0000632487       -0.0000278261        0.0000563701
-6.3845987015        0.0000575826       -0.0000484326        0.0000596516
-6.3846067593        0.0000667627        0.0000544555        0.0000542099
-6.3846238686        0.0000636032       -0.0000601041        0.0000590866
-6.3846268150        0.0000651203       -0.0000720519        0.0000689819
-6.3845785113        0.0000703434       -0.0000293496        0.0000636340
-6.3845772252        0.0000652264        0.0000219335        0.0000499290
-6.3845924929        0.0000630416        0.0000582378        0.0000629608
-6.3845346919        0.0000648765        0.0000056904        0.0000685567
-6.3845938295        0.0000626094       -0.0000802847        0.0000694453
-6.3845560188        0.0000690434        0.0000841591        0.0000586334
-6.3845487954        0.0000675216        0.0000383742        0.0000616887
-6.3845606770        0.0000681995        0.0000601046        0.0000610428
-6.3846334730        0.0000589750       -0.0000335573        0.0000514357
-6.3846150818        0.0000655270        0.0000364605        0.0000581256
-6.3845907528        0.0000726120       -0.0000176364        0.0000609371
-6.3846852446        0.0000538594       -0.0000504601        0.0000591824
-6.3846426442        0.0000782955       -0.0000106645        0.0000716253
-6.3846529640        0.0000654405       -0.0000122138        0.0000584643
-6.3845772556        0.0000672404       -0.0000993423        0.0000711801
-6.3846237896        0.0000542696        0.0000731818        0.0000589211
-6.3846028916        0.0000640596       -0.0000274942        0.0000565526
-6.3845167423        0.0000801057        0.0000185008        0.0000662406
-6.3844784916        0.0000898053       -0.0000320601        0.0000737711
-6.3846188862        0.0000834483       -0.0001014184        0.0000711003
-6.3845496018        0.0000658918       -0.0001747633        0.0000742089
-6.3845352526        0.0000771402        0.0000219881        0.0000600562
-6.3846039723        0.0000650836        0.0000305894        0.0000647934
-6.3846223180        0.0000699204       -0.0000145580        0.0000575317
-6.3845330882        0.0000675355       -0.0000208177        0.0000601959
-6.3846511503        0.0000667650       -0.0000373917        0.0000575615
-6.3845805160        0.0000656569        0.0000440008        0.0000585998
-6.3846094657        0.0000664682       -0.0000256825        0.0000625029
-6.3846376719        0.0000561133       -0.0000004043        0.0000574385
-6.3845976078        0.0000653193       -0.0001126453        0.0000555986
-6.3846337081        0.0000658542       -0.0000372650        0.0000651637
-6.3846132986        0.0000590406       -0.0000059994        0.0000619448
-6.3845828010        0.0000620746        0.0000020143        0.0000579259
-6.3846615088        0.0000578756       -0.0000062073        0.0000605689
-6.3846669594        0.0000566464        0.0001013725        0.0000545773
-6.3845241344        0.0000745173        0.0000113432        0.0000638138
-6.3845561251        0.0000574690       -0.0000089304        0.0000662033
-6.3845127885        0.0000662190       -0.0000406223        0.0000631507
-6.3847709527        0.0000611737        0.0000645577        0.0000515906
-6.3845102290        0.0000770435        0.0000458098        0.0000662217
-6.3845825816        0.0000675199       -0.0000408304        0.0000648306
-6.3846301462        0.0000641178        0.0001099774        0.0000517919
-6.3846055741        0.0000601085        0.0000266272        0.0000555342
-6.3847465033        0.0000658193        0.0001004281        0.0000562177
-6.3845747671        0.0000680269        0.0000402546        0.0000627864
-6.3845615370        0.0000575165        0.0000557521        0.0000577424
-6.3845197724        0.0000687746        0.0000324223        0.0000686616
-6.3846264590        0.0000689317        0.0000916515        0.0000524767
-6.3845008207        0.0000700433        0.0000795057        0.0000627506
-6.3845106956        0.0000602792       -0.0000201921        0.0000665757
-6.3845937001        0.0000620322       -0.0000373692        0.0000690406
-6.3845006774        0.0000692696       -0.0001365864        0.0000779978
-6.3846713710        0.0000755695        0.0000862564        0.0000557608
-6.3845100341        0.0000630653       -0.0000044021        0.0000712161
-6.3847683580        0.0000702050       -0.0001493895        0.0000595436
-6.3846622740        0.0000577534       -0.0000446781        0.0000695888
-6.3846065383        0.0000660998       -0.0000062732        0.0000576266
-6.3844459484        0.0000732365       -0.0000731416        0.0000638019
-6.3846539561        0.0000525284        0.0001069667        0.0000523985
-6.3846027121        0.0000769207       -0.0000088369        0.0000553624
-6.3845629274        0.0000666774       -0.0000042412        0.0000632971
-6.3845184593        0.0000727936        0.0000409021        0.0000633759
-6.3845398316        0.0000684147       -0.0001049021        0.0000579051
-6.3845409895        0.0000692962       -0.0000384463        0.0000669218
-6.3844686499        0.0000787017        0.0000312244        0.0000673122
-6.3846087983        0.0000598694       -0.0001170882        0.0000603840
-6.3845812610        0.0000666219        0.0000504531        0.0000579808
-6.3844876972        0.0000724467       -0.0000933629        0.0000684563
-6.3845648590        0.0000756278        0.0001286988        0.0000593569
-6.3846421966        0.0000580032        0.0000252684        0.0000521101
-6.3845390174        0.0000679730       -0.0000341407        0.0000677136
-6.3845372846        0.0000685205        0.0000295816        0.0000718610
-6.3845882220        0.0000578597        0.0000191320        0.0000672691
-6.3846866339        0.0000671864        0.0000060054        0.0000591741
-6.3845603097        0.0000693246       -0.0000172478        0.0000642710
-6.3845901839        0.0000676299        0.0000335158        0.0000573757
-6.3845173892        0.0000698271       -0.0000615411        0.0000706132
-6.3844757642        0.0000773770       -0.0000600929        0.0000800615
-6.3846491689        0.0000727695        0.0000734186        0.0000575461
-6.3844847566        0.0000708493       -0.0000773366        0.0000704693
-6.3845335010        0.0000626178       -0.0000526288        0.0000707180
-6.3846224989        0.0000716362        0.0000498574        0.0000556794
-6.3845700629        0.0000670406        0.0000309616        0.0000509591
-6.3845846266        0.0000695032       -0.0000322728        0.0000646570
-6.3846829179        0.0000574004        0.0000441708        0.0000655943
-6.3845858063        0.0000684070       -0.0000472390        0.0000572131
-6.3845270732        0.0000676993       -0.0001207746        0.0000697591
-6.3845185181        0.0000696126       -0.0000438466        0.0000610076
-6.3846594918        0.0000594379       -0.0000858873        0.0000602380
-6.3846348411        0.0000638372        0.0000605187        0.0000594603
-6.3844665609        0.0000744941       -0.0000777230        0.0000740453
-6.3845131199        0.0000665226       -0.0000122215        0.0000541007
-6.3847265559        0.0000526651       -0.0000520883        0.0000706681
-6.3846122320        0.0000694833        0.0000127810        0.0000633710
-6.3846027396        0.0000716082       -0.0000356015        0.0000659680
-6.3845460459        0.0000694354       -0.0000474523        0.0000621904
-6.3845611327        0.0000608716       -0.0000213406        0.0000602242
-6.3846049856        0.0000695296       -0.0000485095        0.0000644491
-6.3845899808        0.0000676296        0.0000122345        0.0000659879
-6.3846609674        0.0000629355        0.0000693892        0.0000530967
-6.3845301081        0.0000736439       -0.0000015523        0.0000655064
-6.3846255283        0.0000605334        0.0001321350        0.0000542373
-6.3845979087        0.0000610557       -0.0000185874        0.0000559702
-6.3845583079        0.0000630644       -0.0001322009        0.0000638280
-6.3845253482        0.0000655803        0.0001105593        0.0000539395
-6.3846432834        0.0000695907        0.0000244659        0.0000491876
-6.3845488344        0.0000567226        0.0000001022        0.0000583332
-6.3845980407        0.0000598279        0.0000404114        0.0000576361
-6.3844446495        0.0000733869        0.0000988536        0.0000553923
-6.3846204407        0.0000668720       -0.0001043987        0.0000690020
-6.3845671306        0.0000664620        0.0001464217        0.0000655214
-6.3845602237        0.0000657148        0.0000228289        0.0000653948
-6.3846569893        0.0000468130        0.0000765597        0.0000520563
-6.3844862039        0.0000615900       -0.0001805670        0.0000714578
-6.3845179683        0.0000681521        0.0000804899        0.0000640270
-6.3845990056        0.0000664499       -0.0000428623        0.0000652108
-6.3845110289        0.0000680234       -0.0000571635        0.0000693343
-6.3845953964        0.0000643423       -0.0000572356        0.0000532773
-6.3846154024        0.0000663586        0.0000512823        0.0000495932
-6.3845612778        0.0000725444       -0.0000510532        0.0000665933
-6.3846507587        0.0000561984        0.0000979238        0.0000557128
-6.3844704220        0.0000723978        0.0000666327        0.0000593361
-6.3846009474        0.0000608495        0.0000220743        0.0000597508
-6.3844939023        0.0000747870       -0.0000516091        0.0000621372
-6.3846821596        0.0000585383       -0.0000098989        0.0000606787
-6.3845719614        0.0000592668        0.0000760374        0.0000607581
-6.3846777040        0.0000591653       -0.0000443057        0.0000672511
-6.3846006107        0.0000642975       -0.0000493801        0.0000553363
-6.3846117181        0.0000610959        0.0000228684        0.0000610637
-6.3844866372        0.0000632404       -0.0000195887        0.0000726031
-6.3846626822        0.0000698774       -0.0000531250        0.0000646503
-6.3845566598        0.0000572949       -0.0000181737        0.0000684505
-6.3846214775        0.0000573443       -0.0000304127        0.0000629092
-6.3846125720        0.0000630885        0.0000381368        0.0000557674
-6.3845992799        0.0000648949       -0.0000001591        0.0000744732
-6.3845908473        0.0000654584        0.0001542762        0.0000537430
-6.3845506824        0.0000639748       -0.0001012596        0.0000701990
-6.3846507774        0.0000545752        0.0000175739        0.0000599497
-6.3846252861        0.0000630369        0.0000613031        0.0000561305
-6.3845809471        0.0000630503       -0.0000514984        0.0000633887
-6.3846243878        0.0000683070       -0.0001460338        0.0000659471
-6.3846593469        0.0000721274        0.0000807742        0.0000621728
-6.3845212104        0.0000615417       -0.0000402253        0.0000629019
-6.3846950115        0.0000674412        0.0000492667        0.0000598151
-6.3845418452        0.0000657565        0.0000537554        0.0000650596
-6.3846386283        0.0000503021        0.0001097496        0.0000513352
-6.3846353918        0.0000617782        0.0000306329        0.0000613255
-6.3846067278        0.0000705529        0.0000163876        0.0000693560
-6.3846478179        0.0000590231       -0.0000178739        0.0000648524
-6.3845898629        0.0000525542       -0.0000185501        0.0000604024
-6.3846835429        0.0000608905        0.0000557264        0.0000605300
-6.3846183044        0.0000705792        0.0000782060        0.0000705243
-6.3845600693        0.0000653413       -0.0000173004        0.0000600737
-6.3846042446        0.0000654653       -0.0000982326        0.0000676721
-6.3844230358        0.0000667906        0.0000231578        0.0000612282
-6.3845646613        0.0000688662       -0.0000457298        0.0000619788
-6.3845241104        0.0000699877        0.0000769979        0.0000633082
-6.3847223485        0.0000616359       -0.0001228557        0.0000534631
-6.3846528836        0.0000529491       -0.0000554815        0.0000576777
-6.3845249818        0.0000611980       -0.0000015867        0.0000565430
-6.3844597268        0.0000653363        0.0000009934        0.0000630557
-6.3846048158        0.0000600046        0.0000386322        0.0000590981
-6.3845399504        0.0000604486       -0.0000666606        0.0000659709
-6.3844586147        0.0000603984        0.0000844965        0.0000649672
-6.3845955249        0.0000712509        0.0000456776        0.0000566680
-6.3844409084        0.0000802596       -0.0000507603        0.0000652628
-6.3845634323        0.0000529769        0.0000448189        0.0000519397
-6.3846108528        0.0000544174        0.0000793618        0.0000506364
-6.3846208275        0.0000664080       -0.0000326600        0.0000701696
-6.3845824921        0.0000557401        0.0000510011        0.0000589926
-6.3845360437        0.0000532421        0.0000333491        0.0000523772
-6.3845953822        0.0000546462       -0.0000749806        0.0000674721
-6.3847229461        0.0000507631        0.0000745595        0.0000544276
-6.3846595176        0.0000583141       -0.0000480957        0.0000520543
-6.3845542564        0.0000611037       -0.0000231748        0.0000593878
-6.3846162120        0.0000582385        0.0001108545        0.0000519938
-6.3845345692        0.0000736234        0.0000512587        0.0000565680
-6.3845028535        0.0000632863        0.0000297913        0.0000691648
-6.3846268533        0.0000549768        0.0000337253        0.0000698450
-6.3845946666        0.0000598071        0.0001097124        0.0000558122
-6.3846263487        0.0000593355       -0.0001252450        0.0000663288
-6.3846638814        0.0000549780       -0.0000322454        0.0000583735
-6.3845927683        0.0000583845        0.0000885723        0.0000530559
-6.3845906515        0.0000592910       -0.0000025884        0.0000680275
-6.3845663668        0.0000597293       -0.0000299224        0.0000634956
-6.3846067645        0.0000592099       -0.0000777152        0.0000597274
-6.3846564831        0.0000587245        0.0000700859        0.0000542062
-6.3845427783        0.0000581242       -0.0000460295        0.0000579522
-6.3845371230        0.0000598579        0.0000121120        0.0000611055
-6.3845603085        0.0000678808       -0.0000000926        0.0000622342
-6.3846370853        0.0000678537        0.0000505651        0.0000515447
-6.3846043552        0.0000509738        0.0000148382        0.0000623522
-6.3846084368        0.0000586399        0.0000661312        0.0000541230
-6.3845563744        0.0000531138       -0.0000109051        0.0000723008
-6.3845652312        0.0000598902        0.0000057497        0.0000583150
-6.3845249180        0.0000630043        0.0000231326        0.0000538402
-6.3844723722        0.0000650083       -0.0000807796        0.0000737750
-6.3845619281        0.0000644714       -0.0000233088        0.0000536060
-6.3845410497        0.0000568455        0.0000088456        0.0000626968
-6.3846694064        0.0000468044        0.0000592635        0.0000625692
-6.3845726080        0.0000552248        0.0001027988        0.0000528037
-6.3846223401        0.0000680580        0.0000568113        0.0000533528
-6.3845749170        0.0000620980       -0.0000313858        0.0000638471
-6.3846048184        0.0000786686       -0.0000448236        0.0000637673
-6.3846854170        0.0000490085        0.0000171527        0.0000617001
-6.3846141304        0.0000633162       -0.0000737299        0.0000571280
-6.3846082104        0.0000483816       -0.0000902228        0.0000561042
-6.3846022474        0.0000612707       -0.0000050044        0.0000529318
-6.3846666669        0.0000611406       -0.0000389059        0.0000559315
-6.3846307805        0.0000541670       -0.0000731202        0.0000572109
-6.3846270103        0.0000631526        0.0000762684        0.0000674948
-6.3846653026        0.0000570872        0.0000866054        0.0000487680
-6.3845683618        0.0000597151        0.0000035603        0.0000627707
-6.3845939224        0.0000656768       -0.0001008346        0.0000633968
-6.3845805932        0.0000746829        0.0000113033        0.0000628798
-6.3845266938        0.0000628678        0.0000306799        0.0000572436
-6.3846452903        0.0000612390       -0.0000615103        0.0000678734
-6.3845709137        0.0000601897       -0.0000398920        0.0000667149
-6.3845029950        0.0000629933        0.0000170375        0.0000647868
-6.3846039842        0.0000536686       -0.0000189952        0.0000527360
-6.3844880515        0.0000671674       -0.0000331244        0.0000582921
-6.3845560282        0.0000563950        0.0000681624        0.0000531425
-6.3846250405        0.0000558929       -0.0000407042        0.0000583792
-6.3847006077        0.0000622707        0.0000414116        0.0000489577
-6.3845881990        0.0000542440       -0.0000449973        0.0000587369
-6.3845427518        0.0000623783       -0.0000455641        0.0000722537
-6.3846512552        0.0000446311        0.0000448670        0.0000509739
-6.3845271085        0.0000632291       -0.0001123284        0.0000660899
-6.3845237335        0.0000552053       -0.0001077163        0.0000655176
-6.3846678174        0.0000606654        0.0000664592        0.0000568910
-6.3845486946        0.0000552939        0.0000438708        0.0000516676
-6.3847736968        0.0000485108       -0.0000225006        0.0000513800
-6.3846314047        0.0000578680       -0.0000165272        0.0000581763
-6.3846868555        0.0000601086       -0.0000469443        0.0000607854
-6.3846470513        0.0000526295       -0.0000324012        0.0000615339
-6.3846066140        0.0000576665       -0.0000790513        0.0000619930
-6.3845991580        0.0000704331       -0.0000086276        0.0000581428
-6.3846143207        0.0000586180       -0.0000087877        0.0000587934
-6.3845895438        0.0000614846        0.0000427475        0.0000626906
-6.3846607577        0.0000630889        0.0000558601        0.0000504953
-6.3846400861        0.0000585322        0.0000525674        0.0000538527
-6.3846505623        0.0000660824        0.0000192142        0.0000647036
-6.3846279737        0.0000606658        0.0000157643        0.0000585758
-6.3846649868        0.0000588192       -0.0000014189        0.0000529849
-6.3845368348        0.0000644860        0.0000116442        0.0000666988
-6.3846165234        0.0000547177        0.0000154371        0.0000546150
-6.3845670096        0.0000665257       -0.0001144073        0.0000626788
-6.3846242973        0.0000602347       -0.0000742330        0.0000672500
-6.3846548932        0.0000654611       -0.0000469919        0.0000544006
-6.3847078049        0.0000586832        0.0000105298        0.0000595019
-6.3846067686        0.0000550256        0.0000173900        0.0000583014
-6.3845660826        0.0000593418       -0.0000258702        0.0000558848
-6.3845658701        0.0000598518       -0.0000579909        0.0000622410
-6.3846775888        0.0000561874        0.0001227786        0.0000524735
-6.3846525504        0.0000571893        0.0000548084        0.0000524417
-6.3845818714        0.0000638512        0.0000114070        0.0000534226
-6.3847199927        0.0000451750        0.0000871604        0.0000467199
-6.3846082203        0.0000606884        0.0000241121        0.0000552786
-6.3846193794        0.0000592554       -0.0000388699        0.0000499411
-6.3844558078        0.0000683833       -0.0000714822        0.0000616790
-6.3846285635        0.0000579591       -0.0000611571        0.0000587562
-6.3846011065        0.0000612083       -0.0001007148        0.0000694628
-6.3846416511        0.0000652808       -0.0000459862        0.0000523159
-6.3846412424        0.0000664162       -0.0000450099        0.0000584956
-6.3844961602        0.0000688321       -0.0000172450        0.0000531776
-6.3846809449        0.0000456380       -0.0000420421        0.0000526702
-6.3845149686        0.0000614915       -0.0000560823        0.0000508851
-6.3845548899        0.0000687918       -0.0000295331        0.0000663517
-6.3845291846        0.0000738882       -0.0000257651        0.0000595169
-6.3846818352        0.0000541700        0.0000042279        0.0000550277
-6.3846315974        0.0000537295        0.0000012296        0.0000501851
-6.3846087467        0.0000610771       -0.0000984497        0.0000528389
-6.3845955254        0.0000560451        0.0000334627        0.0000531763
-6.3845334525        0.0000581678        0.0001224545        0.0000524213
-6.3845651639        0.0000695882        0.0000097162        0.0000625028
-6.3846383298        0.0000562324       -0.0000809823        0.0000692267
-6.3845783083        0.0000642692       -0.0000411542        0.0000495166
-6.3846324884        0.0000667161        0.0000051027        0.0000605578
-6.3846073330        0.0000591143        0.0000446410        0.0000530261
-6.3847140009        0.0000505204        0.0000674433        0.0000469197
-6.3844935636        0.0000742656       -0.0000530710        0.0000594301
-6.3846707249        0.0000538805       -0.0000371321        0.0000592241
-6.3845907581        0.0000588030       -0.0000202892        0.0000495392
-6.3846397622        0.0000499831       -0.0000641576        0.0000515737
-6.3845742659        0.0000636874       -0.0000073834        0.0000570953
-6.3846883766        0.0000643902       -0.0000065010        0.0000588940
-6.3846182662        0.0000639735        0.0000534449        0.0000572814
-6.3846599015        0.0000553706        0.0000086573        0.0000499011
-6.3846391277        0.0000576842        0.0000646576        0.0000596951
-6.3846360158        0.0000541750        0.0000079845        0.0000509812
-6.3846604687        0.0000523172        0.0001067518        0.0000461173
-6.3846577529        0.0000560048        0.0000234623        0.0000524593
-6.3847007213        0.0000542119        0.0000512375        0.0000511305
-6.3845500108        0.0000648991       -0.0000308446        0.0000571703
-6.3846008515        0.0000655632       -0.0000297470        0.0000611873
-6.3845444107        0.0000559850       -0.0000428238        0.0000528333
-6.3845880013        0.0000631038        0.0000593448        0.0000516271
-6.3845924087        0.0000592987       -0.0000319242        0.0000474749
-6.3846014752        0.0000643618       -0.0000354690        0.0000560865
-6.3846894463        0.0000611787        0.0000385954        0.0000591867
-6.3846840548        0.0000548302       -0.0000096610        0.0000506195
-6.3846533256        0.0000505746        0.0000047450        0.0000509711
-6.3846207758        0.0000640671        0.0000861873        0.0000493748
-6.3846314601        0.0000610286        0.0000614933        0.0000496952
-6.3846083625        0.0000647051        0.0000119507        0.0000523275
-6.3845717820        0.0000654224       -0.0000304397        0.0000608291
-6.3846599918        0.0000611815       -0.0001034285        0.0000532500
-6.3846875782        0.0000537984        0.0000189361        0.0000512479
-6.3845090393        0.0000629162       -0.0000406871        0.0000566130
-6.3846567309        0.0000555721        0.0000258503        0.0000488003
-6.3845603544        0.0000649218       -0.0000946004        0.0000579726
-6.3846753393        0.0000503705        0.0000125303        0.0000490532
-6.3846895308        0.0000556041        0.0000637558        0.0000581250
-6.3845510755        0.0000607391       -0.0000317672        0.0000560875
-6.3845750285        0.0000495806       -0.0000528666        0.0000509237
-6.3846625868        0.0000482585        0.0000265156        0.0000536068
-6.3845975818        0.0000704323       -0.0000529678        0.0000601825
-6.3845872619        0.0000620719       -0.0000802977        0.0000624335
-6.3845939719        0.0000639299       -0.0000516738        0.0000551228
-6.3845131151        0.0000680346       -0.0000802131        0.0000578507
-6.3845932400        0.0000494541        0.0000741243        0.0000532940
-6.3845974694        0.0000595382       -0.0000062561        0.0000511778
-6.3845852358        0.0000557394        0.0000745687        0.0000523172
-6.3846158797        0.0000573536        0.0000102755        0.0000524017
-6.3846909573        0.0000665507        0.0000334714        0.0000525190
-6.3846127613        0.0000704547        0.0000430129        0.0000635708
-6.3845856622        0.0000590653       -0.0000369031        0.0000573282
-6.3845266115        0.0000688315       -0.0000079046        0.0000621077
-6.3845347443        0.0000666693       -0.0001244598        0.0000613429
-6.3845969937        0.0000754557       -0.0000240783        0.0000568996
-6.3846218219        0.0000604718       -0.0000391687        0.0000512761
-6.3846263862        0.0000586217       -0.0000215793        0.0000510577
-6.3845363391        0.0000628915        0.0000551834        0.0000509361
-6.3846215570        0.0000557176       -0.0000735024        0.0000566663
-6.3846131565        0.0000529620       -0.0000831782        0.0000592300
-6.3845938986        0.0000518467        0.0000296083        0.0000507459
-6.3846599557        0.0000569439        0.0000601135        0.0000481588
-6.3845952492        0.0000586555        0.0000449521        0.0000534090
-6.3847131509        0.0000531194        0.0000152988        0.0000441513
-6.3845658881        0.0000600704       -0.0001288839        0.0000564349
-6.3845852094        0.0000673053        0.0000101830        0.0000563196
-6.3844873938        0.0000832382        0.0000315554        0.0000588110
-6.3846291226        0.0000604833        0.0000639704        0.0000488722
-6.3846401850        0.0000471282       -0.0000067801        0.0000463802
-6.3845816367        0.0000555965       -0.0000028767        0.0000484989
-6.3846039304        0.0000617614        0.0000006709        0.0000434075
