1.00 0.00088600 0.00007500 0.43378083 0.30685282 0.00135600
1.50 0.00089900 0.00006900 0.85544017 0.80685282 0.00124700
2.00 0.00081000 0.00006500 1.32500275 1.30685282 0.00118200
2.50 0.00081700 0.00006700 1.81356817 1.80685282 0.00127000
3.00 0.00073600 0.00006400 2.30932850 2.30685282 0.00112000
3.50 0.00074600 0.00006200 2.80776429 2.80685282 0.00112400
4.00 0.00072800 0.00006300 3.30718823 3.30685282 0.00112300
4.50 0.00073200 0.00006300 3.80697622 3.80685282 0.00035400
5.00 0.00073000 0.00006300 4.30689822 4.30685282 0.00035400
5.50 0.00073100 0.00006400 4.80686952 4.80685282 0.00035400
6.00 0.00073300 0.00006200 5.30685896 5.30685282 0.00035400
6.50 0.00073400 0.00006300 5.80685508 5.80685282 0.00035400
7.00 0.00073200 0.00006200 6.30685365 6.30685282 0.00035500
7.50 0.00072600 0.00006200 6.80685313 6.80685282 0.00035500
8.00 0.00074200 0.00006300 7.30685293 7.30685282 0.00035500
8.50 0.00072500 0.00006400 7.80685286 7.80685282 0.00035500
9.00 0.00073800 0.00006300 8.30685283 8.30685282 0.00035500
9.50 0.00073500 0.00006300 8.80685283 8.80685282 0.00035500
10.00 0.00077400 0.00006300 9.30685282 9.30685282 0.00035500
10.50 0.00072800 0.00006300 9.80685282 9.80685282 0.00035600
11.00 0.00084500 0.00006200 10.30685282 10.30685282 0.00034700
11.50 0.00070900 0.00006100 10.80685282 10.80685282 0.00034700
12.00 0.00071500 0.00006100 11.30685282 11.30685282 0.00034700
12.50 0.00070900 0.00006200 11.80685282 11.80685282 0.00034700
13.00 0.00071900 0.00006100 12.30685282 12.30685282 0.00034600
13.50 0.00071000 0.00006200 12.80685282 12.80685282 0.00034700
14.00 0.00071500 0.00006100 13.30685282 13.30685282 0.00034600
14.50 0.00071800 0.00006100 13.80685282 13.80685282 0.00042600
15.00 0.00070800 0.00006100 14.30685282 14.30685282 0.00034500
15.50 0.00071200 0.00006100 14.80685282 14.80685282 0.00034600
16.00 0.00070800 0.00006100 15.30685282 15.30685282 0.00034500
16.50 0.00070900 0.00006100 15.80685282 15.80685282 0.00034700
17.00 0.00071200 0.00006100 16.30685282 16.30685282 0.00034600
17.50 0.00071700 0.00006200 16.80685282 16.80685282 0.00033900
18.00 0.00070900 0.00006100 17.30685282 17.30685282 0.00034600
18.50 0.00075300 0.00006100 17.80685282 17.80685282 0.00034700
19.00 0.00070800 0.00006100 18.30685282 18.30685282 0.00035800
19.50 0.00069200 0.00006000 18.80685282 18.80685282 0.00034600
20.00 0.00065900 0.00011300 19.30685282 19.30685282 0.00046900
20.50 0.00074400 0.00005700 19.80685282 19.80685282 0.00032300
21.00 0.00057500 0.00005800 20.30685282 20.30685282 0.00032300
21.50 0.00057500 0.00005700 20.80685282 20.80685282 0.00032300
22.00 0.00075500 0.00005700 21.30685282 21.30685282 0.00032500
22.50 0.00057600 0.00005800 21.80685282 21.80685282 0.00032400
23.00 0.00057900 0.00005700 22.30685282 22.30685282 0.00032400
23.50 0.00057600 0.00005700 22.80685282 22.80685282 0.00032400
24.00 0.00057600 0.00005700 23.30685282 23.30685282 0.00032400
24.50 0.00057500 0.00005700 23.80685282 23.80685282 0.00032300
25.00 0.00057600 0.00005800 24.30685282 24.30685282 0.00032300
25.50 0.00057500 0.00005700 24.80685282 24.80685282 0.00032400
26.00 0.00057700 0.00005700 25.30685282 25.30685282 0.00032500
26.50 0.00057700 0.00005700 25.80685282 25.80685282 0.00032300
27.00 0.00057600 0.00005700 26.30685282 26.30685282 0.00032400
27.50 0.00057600 0.00005800 26.80685282 26.80685282 0.00032300
28.00 0.00058200 0.00005700 27.30685282 27.30685282 0.00032500
28.50 0.00057600 0.00005700 27.80685282 27.80685282 0.00032300
29.00 0.00057700 0.00005700 28.30685282 28.30685282 0.00032400
29.50 0.00057600 0.00005700 28.80685282 28.80685282 0.00050700
30.00 0.00068000 0.00005800 29.30685282 29.30685282 0.00032300
30.50 0.00057600 0.00005800 29.80685282 29.80685282 0.00032300
31.00 0.00057600 0.00005700 30.30685282 30.30685282 0.00032300
31.50 0.00064700 0.00005700 30.80685282 30.80685282 0.00032500
32.00 0.00057600 0.00005800 31.30685282 31.30685282 0.00032300
32.50 0.00057500 0.00005700 31.80685282 31.80685282 0.00032300
33.00 0.00057700 0.00005700 32.30685282 32.30685282 0.00032400
33.50 0.00057700 0.00005700 32.80685282 32.80685282 0.00032300
34.00 0.00057700 0.00005700 33.30685282 33.30685282 0.00032400
34.50 0.00057600 0.00005800 33.80685282 33.80685282 0.00032300
35.00 0.00057700 0.00005700 34.30685282 34.30685282 0.00032400
35.50 0.00057600 0.00005700 34.80685282 34.80685282 0.00032400
36.00 0.00057600 0.00005800 35.30685282 35.30685282 0.00032300
36.50 0.00057600 0.00005700 35.80685282 35.80685282 0.00032400
37.00 0.00057800 0.00005700 36.30685282 36.30685282 0.00032400
37.50 0.00057600 0.00005700 36.80685282 36.80685282 0.00032300
38.00 0.00057700 0.00005700 37.30685282 37.30685282 0.00032300
38.50 0.00057700 0.00005700 37.80685282 37.80685282 0.00032400
39.00 0.00074900 0.00005700 38.30685282 38.30685282 0.00032300
39.50 0.00057600 0.00005700 38.80685282 38.80685282 0.00032300
40.00 0.00057600 0.00005800 39.30685282 39.30685282 0.00032300
40.50 0.00057500 0.00005700 39.80685282 39.80685282 0.00032400
41.00 0.00057700 0.00005700 40.30685282 40.30685282 0.00032400
41.50 0.00057700 0.00005700 40.80685282 40.80685282 0.00032300
42.00 0.00057500 0.00005800 41.30685282 41.30685282 0.00032400
42.50 0.00057600 0.00005700 41.80685282 41.80685282 0.00032300
43.00 0.00057600 0.00005700 42.30685282 42.30685282 0.00032400
43.50 0.00066700 0.00005700 42.80685282 42.80685282 0.00032300
44.00 0.00057600 0.00005700 43.30685282 43.30685282 0.00032300
44.50 0.00057600 0.00005700 43.80685282 43.80685282 0.00032300
45.00 0.00057600 0.00005700 44.30685282 44.30685282 0.00032300
45.50 0.00057600 0.00005700 44.80685282 44.80685282 0.00032200
46.00 0.00061200 0.00010800 45.30685282 45.30685282 0.00032300
46.50 0.00057700 0.00005700 45.80685282 45.80685282 0.00032300
47.00 0.00057600 0.00005800 46.30685282 46.30685282 0.00049500
47.50 0.00057600 0.00005700 46.80685282 46.80685282 0.00032300
48.00 0.00057600 0.00005700 47.30685282 47.30685282 0.00032500
48.50 0.00057800 0.00005800 47.80685282 47.80685282 0.00032400
49.00 0.00057500 0.00005700 48.30685282 48.30685282 0.00032400
49.50 0.00057700 0.00005700 48.80685282 48.80685282 0.00032500
50.00 0.00057500 0.00005700 49.30685282 49.30685282 0.00032400
50.50 0.00057600 0.00005800 49.80685282 49.80685282 0.00032400
51.00 0.00065200 0.00008700 50.30685282 50.30685282 0.00036400
51.50 0.00091700 0.00009700 50.80685282 50.80685282 0.00060300
52.00 0.00096700 0.00006300 51.30685282 51.30685282 0.00035500
52.50 0.00063400 0.00006200 51.80685282 51.80685282 0.00035400
53.00 0.00233700 0.00014400 52.30685282 52.30685282 0.00080800
53.50 0.00144100 0.00014200 52.80685282 52.80685282 0.00069600
54.00 0.00108000 0.00010700 53.30685282 53.30685282 0.00060600
54.50 0.00108000 0.00010700 53.80685282 53.80685282 0.00053200
55.00 0.00089300 0.00008800 54.30685282 54.30685282 0.00050500
55.50 0.00089400 0.00008900 54.80685282 54.80685282 0.00048900
56.00 0.00089400 0.00008800 55.30685282 55.30685282 0.00045200
56.50 0.00076200 0.00007500 55.80685282 55.80685282 0.00042800
57.00 0.00076300 0.00007600 56.30685282 56.30685282 0.00042700
57.50 0.00076100 0.00007600 56.80685282 56.80685282 0.00042800
58.00 0.00076500 0.00008200 57.30685282 57.30685282 0.00037300
58.50 0.00067200 0.00006600 57.80685282 57.80685282 0.00037300
59.00 0.00066600 0.00006500 58.30685282 58.30685282 0.00037300
59.50 0.00066400 0.00006700 58.80685282 58.80685282 0.00037300
60.00 0.00066600 0.00006600 59.30685282 59.30685282 0.00037400
60.50 0.00066600 0.00006600 59.80685282 59.80685282 0.00038600
61.00 0.00087200 0.00008200 60.30685282 60.30685282 0.00054700
61.50 0.00063300 0.00006200 60.80685282 60.80685282 0.00035600
62.00 0.00063300 0.00006400 61.30685282 61.30685282 0.00035400
62.50 0.00063300 0.00006300 61.80685282 61.80685282 0.00035600
63.00 0.00063300 0.00006300 62.30685282 62.30685282 0.00035600
63.50 0.00064300 0.00006500 62.80685282 62.80685282 0.00035800
64.00 0.00063800 0.00006200 63.30685282 63.30685282 0.00035700
64.50 0.00082800 0.00006100 63.80685282 63.80685282 0.00049700
65.00 0.00076200 0.00006300 64.30685282 64.30685282 0.00035300
65.50 0.00067800 0.00006300 64.80685282 64.80685282 0.00035500
66.00 0.00064900 0.00006000 65.30685282 65.30685282 0.00039200
66.50 0.00065500 0.00006400 65.80685282 65.80685282 0.00035100
67.00 0.00060700 0.00006400 66.30685282 66.30685282 0.00035100
67.50 0.00060600 0.00006300 66.80685282 66.80685282 0.00035200
68.00 0.00062500 0.00006600 67.30685282 67.30685282 0.00035800
68.50 0.00061900 0.00006100 67.80685282 67.80685282 0.00035000
69.00 0.00061800 0.00006100 68.30685282 68.30685282 0.00034700
69.50 0.00061900 0.00006200 68.80685282 68.80685282 0.00034800
70.00 0.00061800 0.00006100 69.30685282 69.30685282 0.00034400
70.50 0.00061800 0.00006100 69.80685282 69.80685282 0.00034000
71.00 0.00061800 0.00008900 70.30685282 70.30685282 0.00047800
71.50 0.00061800 0.00006300 70.80685282 70.80685282 0.00034600
72.00 0.00061700 0.00006200 71.30685282 71.30685282 0.00034600
72.50 0.00061700 0.00006200 71.80685282 71.80685282 0.00038000
73.00 0.00063300 0.00006200 72.30685282 72.30685282 0.00034600
73.50 0.00061700 0.00006200 72.80685282 72.80685282 0.00034600
74.00 0.00069100 0.00006200 73.30685282 73.30685282 0.00039400
74.50 0.00065800 0.00006100 73.80685282 73.80685282 0.00039400
75.00 0.00066000 0.00006200 74.30685282 74.30685282 0.00034600
75.50 0.00061700 0.00006200 74.80685282 74.80685282 0.00034700
76.00 0.00074300 0.00006200 75.30685282 75.30685282 0.00037800
76.50 0.00061800 0.00006100 75.80685282 75.80685282 0.00034700
77.00 0.00067800 0.00006200 76.30685282 76.30685282 0.00034100
77.50 0.00059100 0.00006200 76.80685282 76.80685282 0.00034300
78.00 0.00058900 0.00006200 77.30685282 77.30685282 0.00034100
78.50 0.00061500 0.00006000 77.80685282 77.80685282 0.00035200
79.00 0.00058900 0.00006000 78.30685282 78.30685282 0.00034200
79.50 0.00057700 0.00005700 78.80685282 78.80685282 0.00032400
80.00 0.00057600 0.00005700 79.30685282 79.30685282 0.00032300
80.50 0.00078000 0.00005800 79.80685282 79.80685282 0.00032600
81.00 0.00057600 0.00005700 80.30685282 80.30685282 0.00032200
81.50 0.00057700 0.00005800 80.80685282 80.80685282 0.00032800
82.00 0.00057500 0.00005800 81.30685282 81.30685282 0.00032300
82.50 0.00057600 0.00005700 81.80685282 81.80685282 0.00047700
83.00 0.00057600 0.00005700 82.30685282 82.30685282 0.00032900
83.50 0.00057600 0.00005700 82.80685282 82.80685282 0.00032300
84.00 0.00070800 0.00005700 83.30685282 83.30685282 0.00032300
84.50 0.00057500 0.00005700 83.80685282 83.80685282 0.00034300
85.00 0.00061700 0.00006100 84.30685282 84.30685282 0.00034600
85.50 0.00061800 0.00006100 84.80685282 84.80685282 0.00034500
86.00 0.00061700 0.00006100 85.30685282 85.30685282 0.00035100
86.50 0.00061800 0.00006100 85.80685282 85.80685282 0.00034600
87.00 0.00061700 0.00006100 86.30685282 86.30685282 0.00034600
87.50 0.00061800 0.00006200 86.80685282 86.80685282 0.00035100
88.00 0.00061600 0.00006200 87.30685282 87.30685282 0.00034500
88.50 0.00068900 0.00006100 87.80685282 87.80685282 0.00034700
89.00 0.00062300 0.00006100 88.30685282 88.30685282 0.00034600
89.50 0.00066300 0.00005700 88.80685282 88.80685282 0.00032200
90.00 0.00057600 0.00005800 89.30685282 89.30685282 0.00032200
90.50 0.00058100 0.00005700 89.80685282 89.80685282 0.00032300
91.00 0.00057600 0.00005700 90.30685282 90.30685282 0.00038700
91.50 0.00055200 0.00005700 90.80685282 90.80685282 0.00031500
92.00 0.00055000 0.00005700 91.30685282 91.30685282 0.00033000
92.50 0.00057800 0.00005700 91.80685282 91.80685282 0.00031500
93.00 0.00064200 0.00005700 92.30685282 92.30685282 0.00048600
93.50 0.00095400 0.00015600 92.80685282 92.80685282 0.00047600
94.00 0.00083900 0.00006200 93.30685282 93.30685282 0.00036700
94.50 0.00081400 0.00011800 93.80685282 93.80685282 0.00039800
95.00 0.00061700 0.00006100 94.30685282 94.30685282 0.00034700
95.50 0.00061800 0.00006200 94.80685282 94.80685282 0.00034500
96.00 0.00082000 0.00006100 95.30685282 95.30685282 0.00043800
96.50 0.00088500 0.00010700 95.80685282 95.80685282 0.00051000
97.00 0.00063200 0.00006100 96.30685282 96.30685282 0.00034700
97.50 0.00061800 0.00006100 96.80685282 96.80685282 0.00034700
98.00 0.00067700 0.00006200 97.30685282 97.30685282 0.00042400
98.50 0.00070800 0.00006200 97.80685282 97.80685282 0.00034700
99.00 0.00092100 0.00006100 98.30685282 98.30685282 0.00034500
99.50 0.00066300 0.00006200 98.80685282 98.80685282 0.00034500
100.00 0.00061700 0.00006100 99.30685282 99.30685282 0.00034600
100.50 0.00061600 0.00006200 99.80685282 99.80685282 0.00034600
101.00 0.00061600 0.00006100 100.30685282 100.30685282 0.00034600
101.50 0.00061700 0.00006100 100.80685282 100.80685282 0.00034600
102.00 0.00061700 0.00006100 101.30685282 101.30685282 0.00034500
102.50 0.00061700 0.00006100 101.80685282 101.80685282 0.00034700
103.00 0.00064800 0.00006300 102.30685282 102.30685282 0.00038400
103.50 0.00061800 0.00006100 102.80685282 102.80685282 0.00034600
104.00 0.00061700 0.00006100 103.30685282 103.30685282 0.00034500
104.50 0.00062200 0.00006200 103.80685282 103.80685282 0.00034600
105.00 0.00061800 0.00006200 104.30685282 104.30685282 0.00034700
105.50 0.00079700 0.00006200 104.80685282 104.80685282 0.00034600
106.00 0.00069800 0.00006200 105.30685282 105.30685282 0.00044600
106.50 0.00081300 0.00006200 105.80685282 105.80685282 0.00045500
107.00 0.00066600 0.00007500 106.30685282 106.30685282 0.00035500
107.50 0.00063400 0.00006300 106.80685282 106.80685282 0.00035600
108.00 0.00063400 0.00006400 107.30685282 107.30685282 0.00035500
108.50 0.00062800 0.00006400 107.80685282 107.80685282 0.00034600
109.00 0.00060400 0.00006400 108.30685282 108.30685282 0.00034500
109.50 0.00060500 0.00006300 108.80685282 108.80685282 0.00035000
110.00 0.00062500 0.00006300 109.30685282 109.30685282 0.00035400
110.50 0.00063500 0.00006300 109.80685282 109.80685282 0.00035400
111.00 0.00063200 0.00006200 110.30685282 110.30685282 0.00035400
111.50 0.00063700 0.00006300 110.80685282 110.80685282 0.00035700
112.00 0.00063400 0.00006200 111.30685282 111.30685282 0.00034800
112.50 0.00061800 0.00006100 111.80685282 111.80685282 0.00034500
113.00 0.00062300 0.00006200 112.30685282 112.30685282 0.00034700
113.50 0.00065600 0.00006200 112.80685282 112.80685282 0.00034500
114.00 0.00061700 0.00006200 113.30685282 113.30685282 0.00035100
114.50 0.00061700 0.00006100 113.80685282 113.80685282 0.00034600
115.00 0.00061700 0.00006200 114.30685282 114.30685282 0.00038700
115.50 0.00061700 0.00006100 114.80685282 114.80685282 0.00035000
116.00 0.00061700 0.00006100 115.30685282 115.30685282 0.00034600
116.50 0.00061700 0.00007300 115.80685282 115.80685282 0.00032300
117.00 0.00078900 0.00009400 116.30685282 116.30685282 0.00048900
117.50 0.00067100 0.00005700 116.80685282 116.80685282 0.00032500
118.00 0.00057800 0.00005700 117.30685282 117.30685282 0.00032400
118.50 0.00069700 0.00010400 117.80685282 117.80685282 0.00032200
119.00 0.00057700 0.00005700 118.30685282 118.30685282 0.00032400
119.50 0.00057600 0.00005800 118.80685282 118.80685282 0.00032300
120.00 0.00057600 0.00006300 119.30685282 119.30685282 0.00032400
120.50 0.00057500 0.00005700 119.80685282 119.80685282 0.00032300
121.00 0.00057600 0.00005700 120.30685282 120.30685282 0.00032500
121.50 0.00065300 0.00006200 120.80685282 120.80685282 0.00035000
122.00 0.00061700 0.00006200 121.30685282 121.30685282 0.00034500
122.50 0.00061800 0.00006100 121.80685282 121.80685282 0.00034600
123.00 0.00062400 0.00006200 122.30685282 122.30685282 0.00034600
123.50 0.00061700 0.00006100 122.80685282 122.80685282 0.00034600
124.00 0.00061700 0.00006200 123.30685282 123.30685282 0.00035500
124.50 0.00062300 0.00006100 123.80685282 123.80685282 0.00034700
125.00 0.00061900 0.00006100 124.30685282 124.30685282 0.00034800
125.50 0.00062100 0.00006100 124.80685282 124.80685282 0.00040100
126.00 0.00083400 0.00011300 125.30685282 125.30685282 0.00048900
126.50 0.00072600 0.00006100 125.80685282 125.80685282 0.00042200
127.00 0.00063700 0.00006200 126.30685282 126.30685282 0.00034600
127.50 0.00061800 0.00006100 126.80685282 126.80685282 0.00034800
128.00 0.00063200 0.00006500 127.30685282 127.30685282 0.00036100
128.50 0.00061900 0.00006100 127.80685282 127.80685282 0.00035900
129.00 0.00064900 0.00006100 128.30685282 128.30685282 0.00034600
129.50 0.00061800 0.00006200 128.80685282 128.80685282 0.00034600
130.00 0.00061700 0.00006100 129.30685282 129.30685282 0.00034700
130.50 0.00065800 0.00006200 129.80685282 129.80685282 0.00034700
131.00 0.00071200 0.00007100 130.30685282 130.30685282 0.00036000
131.50 0.00061700 0.00006100 130.80685282 130.80685282 0.00034700
132.00 0.00061800 0.00006100 131.30685282 131.30685282 0.00034600
132.50 0.00061700 0.00006100 131.80685282 131.80685282 0.00034500
133.00 0.00061700 0.00006100 132.30685282 132.30685282 0.00034600
133.50 0.00070700 0.00006000 132.80685282 132.80685282 0.00034600
134.00 0.00068900 0.00006200 133.30685282 133.30685282 0.00034600
134.50 0.00061800 0.00006200 133.80685282 133.80685282 0.00034600
135.00 0.00061700 0.00006400 134.30685282 134.30685282 0.00042500
135.50 0.00061700 0.00006100 134.80685282 134.80685282 0.00034600
136.00 0.00064000 0.00006200 135.30685282 135.30685282 0.00034100
136.50 0.00061500 0.00011000 135.80685282 135.80685282 0.00038100
137.00 0.00061800 0.00006100 136.30685282 136.30685282 0.00034600
137.50 0.00061800 0.00006100 136.80685282 136.80685282 0.00034600
138.00 0.00073700 0.00008500 137.30685282 137.30685282 0.00038800
138.50 0.00065100 0.00006100 137.80685282 137.80685282 0.00033700
139.00 0.00062100 0.00006100 138.30685282 138.30685282 0.00034600
139.50 0.00062000 0.00010100 138.80685282 138.80685282 0.00034500
140.00 0.00061800 0.00006100 139.30685282 139.30685282 0.00034500
140.50 0.00062800 0.00006100 139.80685282 139.80685282 0.00034700
141.00 0.00061800 0.00006100 140.30685282 140.30685282 0.00046100
141.50 0.00061700 0.00006100 140.80685282 140.80685282 0.00035500
142.00 0.00061800 0.00006100 141.30685282 141.30685282 0.00034700
142.50 0.00065800 0.00006200 141.80685282 141.80685282 0.00034500
143.00 0.00061700 0.00006100 142.30685282 142.30685282 0.00035300
143.50 0.00079500 0.00006200 142.80685282 142.80685282 0.00038600
144.00 0.00077800 0.00006200 143.30685282 143.30685282 0.00034700
144.50 0.00146200 0.00010700 143.80685282 143.80685282 0.00060600
145.00 0.00108100 0.00010600 144.30685282 144.30685282 0.00061500
145.50 0.00098900 0.00008900 144.80685282 144.80685282 0.00050100
146.00 0.00089400 0.00008900 145.30685282 145.30685282 0.00050000
146.50 0.00089300 0.00008900 145.80685282 145.80685282 0.00050200
147.00 0.00083300 0.00007700 146.30685282 146.30685282 0.00042500
147.50 0.00076400 0.00007600 146.80685282 146.80685282 0.00042600
148.00 0.00076300 0.00007600 147.30685282 147.30685282 0.00042700
148.50 0.00076300 0.00007500 147.80685282 147.80685282 0.00041900
149.00 0.00070800 0.00006700 148.30685282 148.30685282 0.00037400
149.50 0.00066400 0.00006600 148.80685282 148.80685282 0.00037200
150.00 0.00066400 0.00006700 149.30685282 149.30685282 0.00037300
150.50 0.00066500 0.00006600 149.80685282 149.80685282 0.00037400
151.00 0.00066400 0.00006600 150.30685282 150.30685282 0.00037400
151.50 0.00067700 0.00006400 150.80685282 150.80685282 0.00035400
152.00 0.00063200 0.00006400 151.30685282 151.30685282 0.00036300
152.50 0.00061800 0.00006100 151.80685282 151.80685282 0.00034600
153.00 0.00061600 0.00006100 152.30685282 152.30685282 0.00034500
153.50 0.00061800 0.00006100 152.80685282 152.80685282 0.00034600
154.00 0.00061800 0.00006100 153.30685282 153.30685282 0.00042900
154.50 0.00061800 0.00006100 153.80685282 153.80685282 0.00034600
155.00 0.00061600 0.00006200 154.30685282 154.30685282 0.00034600
155.50 0.00061800 0.00006100 154.80685282 154.80685282 0.00034700
156.00 0.00061700 0.00006100 155.30685282 155.30685282 0.00034600
156.50 0.00061800 0.00006100 155.80685282 155.80685282 0.00034600
157.00 0.00066100 0.00006100 156.30685282 156.30685282 0.00034800
157.50 0.00061700 0.00006100 156.80685282 156.80685282 0.00034600
158.00 0.00061800 0.00006100 157.30685282 157.30685282 0.00034700
158.50 0.00061700 0.00006100 157.80685282 157.80685282 0.00034600
159.00 0.00061700 0.00006100 158.30685282 158.30685282 0.00034700
159.50 0.00061700 0.00006100 158.80685282 158.80685282 0.00034700
160.00 0.00061700 0.00006100 159.30685282 159.30685282 0.00034000
160.50 0.00061800 0.00006100 159.80685282 159.80685282 0.00034700
161.00 0.00062500 0.00006000 160.30685282 160.30685282 0.00033900
161.50 0.00060600 0.00005900 160.80685282 160.80685282 0.00045400
162.00 0.00059000 0.00005800 161.30685282 161.30685282 0.00032300
162.50 0.00057500 0.00005700 161.80685282 161.80685282 0.00032300
163.00 0.00057600 0.00005700 162.30685282 162.30685282 0.00032300
163.50 0.00057600 0.00005700 162.80685282 162.80685282 0.00032300
164.00 0.00057700 0.00005800 163.30685282 163.30685282 0.00032300
164.50 0.00057500 0.00005700 163.80685282 163.80685282 0.00035100
165.00 0.00066200 0.00005700 164.30685282 164.30685282 0.00032400
165.50 0.00057600 0.00005800 164.80685282 164.80685282 0.00032300
166.00 0.00057700 0.00005700 165.30685282 165.30685282 0.00032300
166.50 0.00057600 0.00005800 165.80685282 165.80685282 0.00032300
167.00 0.00066700 0.00005800 166.30685282 166.30685282 0.00032300
167.50 0.00057700 0.00005700 166.80685282 166.80685282 0.00032400
168.00 0.00057600 0.00005800 167.30685282 167.30685282 0.00032300
168.50 0.00057500 0.00005700 167.80685282 167.80685282 0.00032300
169.00 0.00078800 0.00005800 168.30685282 168.30685282 0.00032400
169.50 0.00070000 0.00012800 168.80685282 168.80685282 0.00049800
170.00 0.00113800 0.00005800 169.30685282 169.30685282 0.00051900
170.50 0.00076400 0.00005700 169.80685282 169.80685282 0.00045300
171.00 0.00059000 0.00006300 170.30685282 170.30685282 0.00034100
171.50 0.00059200 0.00006300 170.80685282 170.80685282 0.00034100
172.00 0.00062800 0.00006500 171.30685282 171.30685282 0.00036500
172.50 0.00065300 0.00006100 171.80685282 171.80685282 0.00034600
173.00 0.00061800 0.00006100 172.30685282 172.30685282 0.00034600
173.50 0.00061800 0.00006100 172.80685282 172.80685282 0.00034600
174.00 0.00065000 0.00006100 173.30685282 173.30685282 0.00034700
174.50 0.00061800 0.00006300 173.80685282 173.80685282 0.00037900
175.00 0.00062200 0.00006100 174.30685282 174.30685282 0.00042100
175.50 0.00062300 0.00005700 174.80685282 174.80685282 0.00032300
176.00 0.00057900 0.00005800 175.30685282 175.30685282 0.00032300
176.50 0.00057500 0.00005800 175.80685282 175.80685282 0.00032300
177.00 0.00057600 0.00005700 176.30685282 176.30685282 0.00032300
177.50 0.00057600 0.00005800 176.80685282 176.80685282 0.00032300
178.00 0.00074100 0.00005700 177.30685282 177.30685282 0.00032200
178.50 0.00057700 0.00005700 177.80685282 177.80685282 0.00032200
179.00 0.00057600 0.00005700 178.30685282 178.30685282 0.00032200
179.50 0.00057500 0.00005800 178.80685282 178.80685282 0.00032200
180.00 0.00057600 0.00005700 179.30685282 179.30685282 0.00032500
180.50 0.00061400 0.00010600 179.80685282 179.80685282 0.00064400
181.00 0.00055200 0.00005700 180.30685282 180.30685282 0.00031200
181.50 0.00055000 0.00005800 180.80685282 180.80685282 0.00031700
182.00 0.00055100 0.00005800 181.30685282 181.30685282 0.00035100
182.50 0.00057500 0.00005700 181.80685282 181.80685282 0.00032300
183.00 0.00057700 0.00005700 182.30685282 182.30685282 0.00040500
183.50 0.00062900 0.00005800 182.80685282 182.80685282 0.00032100
184.00 0.00057500 0.00005700 183.30685282 183.30685282 0.00050600
184.50 0.00064300 0.00005800 183.80685282 183.80685282 0.00032200
185.00 0.00061700 0.00005700 184.30685282 184.30685282 0.00033200
185.50 0.00057600 0.00005700 184.80685282 184.80685282 0.00043400
186.00 0.00070700 0.00005800 185.30685282 185.30685282 0.00032300
186.50 0.00057700 0.00005700 185.80685282 185.80685282 0.00032700
187.00 0.00057700 0.00005700 186.30685282 186.30685282 0.00032300
187.50 0.00069300 0.00005700 186.80685282 186.80685282 0.00042500
188.00 0.00057600 0.00005700 187.30685282 187.30685282 0.00032400
188.50 0.00064700 0.00005700 187.80685282 187.80685282 0.00032300
189.00 0.00057700 0.00005700 188.30685282 188.30685282 0.00032300
189.50 0.00058200 0.00005700 188.80685282 188.80685282 0.00033000
190.00 0.00057800 0.00005700 189.30685282 189.30685282 0.00032400
190.50 0.00057500 0.00005700 189.80685282 189.80685282 0.00032300
191.00 0.00057600 0.00005700 190.30685282 190.30685282 0.00033000
191.50 0.00061500 0.00005700 190.80685282 190.80685282 0.00032300
192.00 0.00057600 0.00005800 191.30685282 191.30685282 0.00032200
192.50 0.00057700 0.00005700 191.80685282 191.80685282 0.00032300
193.00 0.00067200 0.00008800 192.30685282 192.30685282 0.00034300
193.50 0.00057600 0.00005700 192.80685282 192.80685282 0.00032300
194.00 0.00074800 0.00005700 193.30685282 193.30685282 0.00032300
194.50 0.00057700 0.00005700 193.80685282 193.80685282 0.00032400
195.00 0.00066600 0.00007600 194.30685282 194.30685282 0.00034600
195.50 0.00061600 0.00006200 194.80685282 194.80685282 0.00034600
196.00 0.00061800 0.00006100 195.30685282 195.30685282 0.00034700
196.50 0.00061700 0.00006100 195.80685282 195.80685282 0.00038700
197.00 0.00061600 0.00006200 196.30685282 196.30685282 0.00034600
197.50 0.00061800 0.00006100 196.80685282 196.80685282 0.00034500
198.00 0.00061900 0.00006100 197.30685282 197.30685282 0.00034500
198.50 0.00061700 0.00006100 197.80685282 197.80685282 0.00034500
199.00 0.00065700 0.00006100 198.30685282 198.30685282 0.00034500
199.50 0.00061800 0.00006200 198.80685282 198.80685282 0.00034500
200.00 0.00061000 0.00011200 199.30685282 199.30685282 0.00033900
200.50 0.00057600 0.00005800 199.80685282 199.80685282 0.00032300
201.00 0.00057600 0.00005700 200.30685282 200.30685282 0.00032300
201.50 0.00057600 0.00005700 200.80685282 200.80685282 0.00032500
202.00 0.00079200 0.00005700 201.30685282 201.30685282 0.00032300
202.50 0.00057600 0.00005700 201.80685282 201.80685282 0.00032500
203.00 0.00057600 0.00005700 202.30685282 202.30685282 0.00032400
203.50 0.00057700 0.00005700 202.80685282 202.80685282 0.00036300
204.00 0.00057600 0.00005800 203.30685282 203.30685282 0.00032200
204.50 0.00057500 0.00005700 203.80685282 203.80685282 0.00032300
205.00 0.00064400 0.00005700 204.30685282 204.30685282 0.00032200
205.50 0.00057600 0.00005700 204.80685282 204.80685282 0.00032300
206.00 0.00057600 0.00005700 205.30685282 205.30685282 0.00032300
206.50 0.00057600 0.00005800 205.80685282 205.80685282 0.00032400
207.00 0.00057600 0.00005700 206.30685282 206.30685282 0.00032400
207.50 0.00057500 0.00005700 206.80685282 206.80685282 0.00032500
208.00 0.00057700 0.00005700 207.30685282 207.30685282 0.00032500
208.50 0.00057700 0.00005700 207.80685282 207.80685282 0.00032300
209.00 0.00057600 0.00005900 208.30685282 208.30685282 0.00032300
209.50 0.00057600 0.00005800 208.80685282 208.80685282 0.00032300
210.00 0.00057600 0.00005700 209.30685282 209.30685282 0.00032300
210.50 0.00057700 0.00005700 209.80685282 209.80685282 0.00046400
211.00 0.00057700 0.00005700 210.30685282 210.30685282 0.00032300
211.50 0.00057600 0.00005800 210.80685282 210.80685282 0.00032200
212.00 0.00057600 0.00005700 211.30685282 211.30685282 0.00032300
212.50 0.00057700 0.00005700 211.80685282 211.80685282 0.00032300
213.00 0.00057700 0.00005700 212.30685282 212.30685282 0.00032200
213.50 0.00063200 0.00005700 212.80685282 212.80685282 0.00032400
214.00 0.00057500 0.00005700 213.30685282 213.30685282 0.00035800
214.50 0.00057600 0.00005800 213.80685282 213.80685282 0.00032300
215.00 0.00068000 0.00005700 214.30685282 214.30685282 0.00032300
215.50 0.00057600 0.00005800 214.80685282 214.80685282 0.00032300
216.00 0.00057500 0.00005700 215.30685282 215.30685282 0.00032300
216.50 0.00057600 0.00005700 215.80685282 215.80685282 0.00032200
217.00 0.00057700 0.00005700 216.30685282 216.30685282 0.00032400
217.50 0.00057700 0.00005700 216.80685282 216.80685282 0.00032300
218.00 0.00057700 0.00005700 217.30685282 217.30685282 0.00032300
218.50 0.00061400 0.00007600 217.80685282 217.80685282 0.00037500
219.00 0.00057600 0.00005700 218.30685282 218.30685282 0.00032300
219.50 0.00057600 0.00005700 218.80685282 218.80685282 0.00032300
220.00 0.00063800 0.00005800 219.30685282 219.30685282 0.00032200
220.50 0.00057600 0.00005700 219.80685282 219.80685282 0.00032300
221.00 0.00057700 0.00005700 220.30685282 220.30685282 0.00032400
221.50 0.00057600 0.00005700 220.80685282 220.80685282 0.00032300
222.00 0.00066200 0.00005800 221.30685282 221.30685282 0.00031800
222.50 0.00055000 0.00005900 221.80685282 221.80685282 0.00031800
223.00 0.00055100 0.00005800 222.30685282 222.30685282 0.00031900
223.50 0.00055100 0.00005800 222.80685282 222.80685282 0.00031800
224.00 0.00055000 0.00005700 223.30685282 223.30685282 0.00031700
224.50 0.00055000 0.00005800 223.80685282 223.80685282 0.00031800
225.00 0.00055100 0.00005800 224.30685282 224.30685282 0.00031700
225.50 0.00055000 0.00005800 224.80685282 224.80685282 0.00031900
226.00 0.00055100 0.00005800 225.30685282 225.30685282 0.00032000
226.50 0.00055000 0.00005800 225.80685282 225.80685282 0.00031900
227.00 0.00055000 0.00005800 226.30685282 226.30685282 0.00031800
227.50 0.00067900 0.00010600 226.80685282 226.80685282 0.00032200
228.00 0.00057500 0.00005800 227.30685282 227.30685282 0.00032300
228.50 0.00057800 0.00005700 227.80685282 227.80685282 0.00032300
229.00 0.00057600 0.00005700 228.30685282 228.30685282 0.00032300
229.50 0.00057600 0.00005800 228.80685282 228.80685282 0.00032200
230.00 0.00057600 0.00005800 229.30685282 229.30685282 0.00032300
230.50 0.00064400 0.00005700 229.80685282 229.80685282 0.00032300
231.00 0.00057700 0.00005700 230.30685282 230.30685282 0.00032400
231.50 0.00057600 0.00005700 230.80685282 230.80685282 0.00032300
232.00 0.00057500 0.00005800 231.30685282 231.30685282 0.00032300
232.50 0.00057600 0.00005700 231.80685282 231.80685282 0.00032300
233.00 0.00083800 0.00005700 232.30685282 232.30685282 0.00032400
233.50 0.00057700 0.00005700 232.80685282 232.80685282 0.00032400
234.00 0.00057600 0.00005700 233.30685282 233.30685282 0.00032400
234.50 0.00057600 0.00005800 233.80685282 233.80685282 0.00032300
235.00 0.00057600 0.00005700 234.30685282 234.30685282 0.00032400
235.50 0.00057700 0.00005700 234.80685282 234.80685282 0.00032400
236.00 0.00057600 0.00005700 235.30685282 235.30685282 0.00044700
236.50 0.00059200 0.00005700 235.80685282 235.80685282 0.00032400
237.00 0.00057600 0.00005700 236.30685282 236.30685282 0.00032200
237.50 0.00057600 0.00005900 236.80685282 236.80685282 0.00032300
238.00 0.00057600 0.00005700 237.30685282 237.30685282 0.00032300
238.50 0.00057800 0.00005800 237.80685282 237.80685282 0.00032300
239.00 0.00064700 0.00005700 238.30685282 238.30685282 0.00032300
239.50 0.00057600 0.00005700 238.80685282 238.80685282 0.00032200
240.00 0.00057600 0.00005700 239.30685282 239.30685282 0.00032300
240.50 0.00057600 0.00005800 239.80685282 239.80685282 0.00032300
241.00 0.00057700 0.00005700 240.30685282 240.30685282 0.00032400
241.50 0.00057600 0.00005700 240.80685282 240.80685282 0.00032200
242.00 0.00057600 0.00005700 241.30685282 241.30685282 0.00032200
242.50 0.00057600 0.00005800 241.80685282 241.80685282 0.00032200
243.00 0.00086500 0.00007700 242.30685282 242.30685282 0.00052800
243.50 0.00101600 0.00011400 242.80685282 242.80685282 0.00052100
244.00 0.00067900 0.00005800 243.30685282 243.30685282 0.00032300
244.50 0.00057600 0.00005700 243.80685282 243.80685282 0.00032300
245.00 0.00061200 0.00005700 244.30685282 244.30685282 0.00032300
245.50 0.00057700 0.00005700 244.80685282 244.80685282 0.00032400
246.00 0.00057600 0.00005800 245.30685282 245.30685282 0.00032300
246.50 0.00057700 0.00005700 245.80685282 245.80685282 0.00047100
247.00 0.00061000 0.00005700 246.30685282 246.30685282 0.00032300
247.50 0.00057700 0.00005700 246.80685282 246.80685282 0.00032400
248.00 0.00057600 0.00005800 247.30685282 247.30685282 0.00032300
248.50 0.00057600 0.00005700 247.80685282 247.80685282 0.00032400
249.00 0.00057500 0.00005700 248.30685282 248.30685282 0.00032300
249.50 0.00057600 0.00005700 248.80685282 248.80685282 0.00032200
250.00 0.00057700 0.00005700 249.30685282 249.30685282 0.00032300
250.50 0.00058200 0.00005700 249.80685282 249.80685282 0.00032300
251.00 0.00057500 0.00005800 250.30685282 250.30685282 0.00032400
251.50 0.00057600 0.00005700 250.80685282 250.80685282 0.00032300
252.00 0.00057700 0.00005700 251.30685282 251.30685282 0.00043000
252.50 0.00057500 0.00005900 251.80685282 251.80685282 0.00032400
253.00 0.00064700 0.00005700 252.30685282 252.30685282 0.00032400
253.50 0.00071500 0.00005700 252.80685282 252.80685282 0.00035800
254.00 0.00057600 0.00005700 253.30685282 253.30685282 0.00032300
254.50 0.00057600 0.00005700 253.80685282 253.80685282 0.00032300
255.00 0.00057600 0.00006000 254.30685282 254.30685282 0.00036000
255.50 0.00057700 0.00005700 254.80685282 254.80685282 0.00032300
256.00 0.00057600 0.00005700 255.30685282 255.30685282 0.00032300
256.50 0.00057600 0.00005700 255.80685282 255.80685282 0.00032400
257.00 0.00057500 0.00005700 256.30685282 256.30685282 0.00032400
257.50 0.00057600 0.00005800 256.80685282 256.80685282 0.00032400
258.00 0.00057600 0.00005700 257.30685282 257.30685282 0.00032300
258.50 0.00063100 0.00007100 257.80685282 257.80685282 0.00054600
259.00 0.00066200 0.00005700 258.30685282 258.30685282 0.00032400
259.50 0.00057600 0.00005700 258.80685282 258.80685282 0.00032300
260.00 0.00057600 0.00005700 259.30685282 259.30685282 0.00032300
260.50 0.00057600 0.00005700 259.80685282 259.80685282 0.00043100
261.00 0.00057600 0.00005700 260.30685282 260.30685282 0.00032200
261.50 0.00057700 0.00005700 260.80685282 260.80685282 0.00032300
262.00 0.00057700 0.00005700 261.30685282 261.30685282 0.00032200
262.50 0.00057600 0.00005700 261.80685282 261.80685282 0.00032300
263.00 0.00057600 0.00005800 262.30685282 262.30685282 0.00032300
263.50 0.00075300 0.00005900 262.80685282 262.80685282 0.00031900
264.00 0.00055200 0.00005800 263.30685282 263.30685282 0.00031900
264.50 0.00055000 0.00005800 263.80685282 263.80685282 0.00031400
265.00 0.00058200 0.00012300 264.30685282 264.30685282 0.00032300
265.50 0.00057600 0.00005800 264.80685282 264.80685282 0.00032300
266.00 0.00057600 0.00005700 265.30685282 265.30685282 0.00032300
266.50 0.00057700 0.00005700 265.80685282 265.80685282 0.00032300
267.00 0.00057500 0.00005700 266.30685282 266.30685282 0.00031700
267.50 0.00057600 0.00005800 266.80685282 266.80685282 0.00032300
268.00 0.00057600 0.00005800 267.30685282 267.30685282 0.00032300
268.50 0.00057600 0.00005800 267.80685282 267.80685282 0.00040800
269.00 0.00064500 0.00005700 268.30685282 268.30685282 0.00032400
269.50 0.00057500 0.00005800 268.80685282 268.80685282 0.00031700
270.00 0.00057600 0.00005700 269.30685282 269.30685282 0.00065900
270.50 0.00098100 0.00013400 269.80685282 269.80685282 0.00052900
271.00 0.00090800 0.00005700 270.30685282 270.30685282 0.00039700
271.50 0.00071100 0.00005800 270.80685282 270.80685282 0.00031900
272.00 0.00057700 0.00005800 271.30685282 271.30685282 0.00032300
272.50 0.00063500 0.00008700 271.80685282 271.80685282 0.00036200
273.00 0.00061000 0.00005700 272.30685282 272.30685282 0.00032300
273.50 0.00057800 0.00005700 272.80685282 272.80685282 0.00032300
274.00 0.00057600 0.00005800 273.30685282 273.30685282 0.00032300
274.50 0.00061400 0.00006100 273.80685282 273.80685282 0.00034600
275.00 0.00061800 0.00006200 274.30685282 274.30685282 0.00034700
275.50 0.00061800 0.00006100 274.80685282 274.80685282 0.00034600
276.00 0.00069500 0.00006100 275.30685282 275.30685282 0.00034600
276.50 0.00066100 0.00006100 275.80685282 275.80685282 0.00034700
277.00 0.00061800 0.00006100 276.30685282 276.30685282 0.00034600
277.50 0.00061700 0.00006100 276.80685282 276.80685282 0.00034600
278.00 0.00061700 0.00006100 277.30685282 277.30685282 0.00034700
278.50 0.00061700 0.00006100 277.80685282 277.80685282 0.00034700
279.00 0.00061700 0.00006200 278.30685282 278.30685282 0.00034200
279.50 0.00057500 0.00005700 278.80685282 278.80685282 0.00032300
280.00 0.00064400 0.00005800 279.30685282 279.30685282 0.00032200
280.50 0.00057700 0.00005800 279.80685282 279.80685282 0.00036700
281.00 0.00061200 0.00005700 280.30685282 280.30685282 0.00032300
281.50 0.00057600 0.00005700 280.80685282 280.80685282 0.00032400
282.00 0.00057600 0.00005800 281.30685282 281.30685282 0.00032300
282.50 0.00057600 0.00005700 281.80685282 281.80685282 0.00032400
283.00 0.00057700 0.00005700 282.30685282 282.30685282 0.00032300
283.50 0.00057600 0.00005800 282.80685282 282.80685282 0.00032500
284.00 0.00083100 0.00007600 283.30685282 283.30685282 0.00051200
284.50 0.00057700 0.00005700 283.80685282 283.80685282 0.00041800
285.00 0.00070400 0.00005700 284.30685282 284.30685282 0.00032500
285.50 0.00062100 0.00005900 284.80685282 284.80685282 0.00033100
286.00 0.00057700 0.00005700 285.30685282 285.30685282 0.00032300
286.50 0.00061600 0.00005700 285.80685282 285.80685282 0.00032300
287.00 0.00057600 0.00005700 286.30685282 286.30685282 0.00033200
287.50 0.00057600 0.00005700 286.80685282 286.80685282 0.00032100
288.00 0.00068000 0.00015400 287.30685282 287.30685282 0.00032300
288.50 0.00057600 0.00005700 287.80685282 287.80685282 0.00032900
289.00 0.00061300 0.00005700 288.30685282 288.30685282 0.00032400
289.50 0.00057500 0.00005700 288.80685282 288.80685282 0.00032400
290.00 0.00057600 0.00005800 289.30685282 289.30685282 0.00036800
290.50 0.00057700 0.00005700 289.80685282 289.80685282 0.00032200
291.00 0.00057600 0.00005700 290.30685282 290.30685282 0.00032200
291.50 0.00057700 0.00005700 290.80685282 290.80685282 0.00032400
292.00 0.00058300 0.00005800 291.30685282 291.30685282 0.00032400
292.50 0.00057600 0.00012600 291.80685282 291.80685282 0.00039300
293.00 0.00057600 0.00005700 292.30685282 292.30685282 0.00032300
293.50 0.00057500 0.00005800 292.80685282 292.80685282 0.00045900
294.00 0.00057600 0.00005700 293.30685282 293.30685282 0.00032300
294.50 0.00057600 0.00005800 293.80685282 293.80685282 0.00032400
295.00 0.00057500 0.00005800 294.30685282 294.30685282 0.00031400
295.50 0.00057700 0.00005700 294.80685282 294.80685282 0.00032400
296.00 0.00057500 0.00005700 295.30685282 295.30685282 0.00034400
296.50 0.00061900 0.00006300 295.80685282 295.80685282 0.00033400
297.00 0.00061800 0.00005700 296.30685282 296.30685282 0.00032300
297.50 0.00057700 0.00005700 296.80685282 296.80685282 0.00031700
298.00 0.00057600 0.00005700 297.30685282 297.30685282 0.00032200
298.50 0.00058500 0.00007200 297.80685282 297.80685282 0.00031900
299.00 0.00055100 0.00005900 298.30685282 298.30685282 0.00031800
299.50 0.00055100 0.00005700 298.80685282 298.80685282 0.00034100
300.00 0.00063200 0.00005800 299.30685282 299.30685282 0.00033200
300.50 0.00057800 0.00005800 299.80685282 299.80685282 0.00032200
301.00 0.00069900 0.00009600 300.30685282 300.30685282 0.00047300
301.50 0.00058600 0.00005700 300.80685282 300.80685282 0.00032300
302.00 0.00064600 0.00007400 301.30685282 301.30685282 0.00034500
302.50 0.00085500 0.00005800 301.80685282 301.80685282 0.00032300
303.00 0.00062700 0.00005700 302.30685282 302.30685282 0.00032300
303.50 0.00057600 0.00005800 302.80685282 302.80685282 0.00032400
304.00 0.00065700 0.00011400 303.30685282 303.30685282 0.00036800
304.50 0.00058800 0.00005800 303.80685282 303.80685282 0.00032400
305.00 0.00057700 0.00005700 304.30685282 304.30685282 0.00032200
305.50 0.00057600 0.00005900 304.80685282 304.80685282 0.00046300
306.00 0.00058400 0.00005700 305.30685282 305.30685282 0.00032300
306.50 0.00057500 0.00005700 305.80685282 305.80685282 0.00032400
307.00 0.00057500 0.00005700 306.30685282 306.30685282 0.00032400
307.50 0.00058200 0.00005800 306.80685282 306.80685282 0.00032300
308.00 0.00057600 0.00005700 307.30685282 307.30685282 0.00032200
308.50 0.00057600 0.00005700 307.80685282 307.80685282 0.00032200
309.00 0.00067900 0.00007700 308.30685282 308.30685282 0.00037900
309.50 0.00057600 0.00005800 308.80685282 308.80685282 0.00032300
310.00 0.00072700 0.00005800 309.30685282 309.30685282 0.00032300
310.50 0.00057600 0.00005800 309.80685282 309.80685282 0.00032300
311.00 0.00057600 0.00005700 310.30685282 310.30685282 0.00032300
311.50 0.00057600 0.00005800 310.80685282 310.80685282 0.00032300
312.00 0.00057600 0.00005700 311.30685282 311.30685282 0.00032300
312.50 0.00068000 0.00005700 311.80685282 311.80685282 0.00032400
313.00 0.00057600 0.00005800 312.30685282 312.30685282 0.00032200
313.50 0.00057600 0.00005700 312.80685282 312.80685282 0.00031600
314.00 0.00057500 0.00005700 313.30685282 313.30685282 0.00031700
314.50 0.00057600 0.00005800 313.80685282 313.80685282 0.00032200
315.00 0.00071900 0.00005800 314.30685282 314.30685282 0.00032300
315.50 0.00057500 0.00005700 314.80685282 314.80685282 0.00032400
316.00 0.00057700 0.00005700 315.30685282 315.30685282 0.00032500
316.50 0.00057700 0.00005600 315.80685282 315.80685282 0.00032400
317.00 0.00057600 0.00005700 316.30685282 316.30685282 0.00049700
317.50 0.00057600 0.00005700 316.80685282 316.80685282 0.00032300
318.00 0.00057600 0.00005800 317.30685282 317.30685282 0.00032200
318.50 0.00061400 0.00005700 317.80685282 317.80685282 0.00032300
319.00 0.00057700 0.00005700 318.30685282 318.30685282 0.00032300
319.50 0.00057500 0.00005700 318.80685282 318.80685282 0.00032400
320.00 0.00057700 0.00005700 319.30685282 319.30685282 0.00032300
320.50 0.00062000 0.00011100 319.80685282 319.80685282 0.00054400
321.00 0.00095300 0.00009800 320.30685282 320.30685282 0.00047800
321.50 0.00089000 0.00005700 320.80685282 320.80685282 0.00032200
322.00 0.00057600 0.00005800 321.30685282 321.30685282 0.00032200
322.50 0.00057600 0.00005700 321.80685282 321.80685282 0.00032300
323.00 0.00057600 0.00005700 322.30685282 322.30685282 0.00032300
323.50 0.00057500 0.00005700 322.80685282 322.80685282 0.00040400
324.00 0.00075500 0.00005700 323.30685282 323.30685282 0.00032400
324.50 0.00064600 0.00007300 323.80685282 323.80685282 0.00039200
325.00 0.00057800 0.00005900 324.30685282 324.30685282 0.00032300
325.50 0.00061100 0.00005800 324.80685282 324.80685282 0.00032300
326.00 0.00057600 0.00005800 325.30685282 325.30685282 0.00032300
326.50 0.00057600 0.00005700 325.80685282 325.80685282 0.00032400
327.00 0.00057700 0.00005700 326.30685282 326.30685282 0.00032300
327.50 0.00057500 0.00005800 326.80685282 326.80685282 0.00032400
328.00 0.00057600 0.00005700 327.30685282 327.30685282 0.00032300
328.50 0.00068200 0.00005700 327.80685282 327.80685282 0.00032400
329.00 0.00057600 0.00005800 328.30685282 328.30685282 0.00032400
329.50 0.00057500 0.00005700 328.80685282 328.80685282 0.00032300
330.00 0.00057700 0.00005700 329.30685282 329.30685282 0.00032300
330.50 0.00057500 0.00005700 329.80685282 329.80685282 0.00032200
331.00 0.00057600 0.00005700 330.30685282 330.30685282 0.00032300
331.50 0.00057600 0.00005700 330.80685282 330.80685282 0.00032300
332.00 0.00057700 0.00005700 331.30685282 331.30685282 0.00032400
332.50 0.00057600 0.00005700 331.80685282 331.80685282 0.00032400
333.00 0.00057500 0.00005700 332.30685282 332.30685282 0.00032200
333.50 0.00094300 0.00005700 332.80685282 332.80685282 0.00032300
334.00 0.00057700 0.00005700 333.30685282 333.30685282 0.00032400
334.50 0.00057700 0.00005700 333.80685282 333.80685282 0.00032300
335.00 0.00057600 0.00005700 334.30685282 334.30685282 0.00032300
335.50 0.00057600 0.00007700 334.80685282 334.80685282 0.00037800
336.00 0.00086900 0.00007300 335.30685282 335.30685282 0.00061700
336.50 0.00096700 0.00007500 335.80685282 335.80685282 0.00032300
337.00 0.00075600 0.00006100 336.30685282 336.30685282 0.00034600
337.50 0.00061700 0.00006200 336.80685282 336.80685282 0.00035000
338.00 0.00061900 0.00008100 337.30685282 337.30685282 0.00036400
338.50 0.00065000 0.00006300 337.80685282 337.80685282 0.00037600
339.00 0.00059000 0.00006300 338.30685282 338.30685282 0.00034000
339.50 0.00059000 0.00006200 338.80685282 338.80685282 0.00033700
340.00 0.00058900 0.00006200 339.30685282 339.30685282 0.00034100
340.50 0.00059000 0.00006200 339.80685282 339.80685282 0.00047400
341.00 0.00062000 0.00006200 340.30685282 340.30685282 0.00034600
341.50 0.00066400 0.00008500 340.80685282 340.80685282 0.00038300
342.00 0.00057700 0.00005700 341.30685282 341.30685282 0.00032300
342.50 0.00057600 0.00005700 341.80685282 341.80685282 0.00032400
343.00 0.00057600 0.00005700 342.30685282 342.30685282 0.00032500
343.50 0.00057600 0.00005800 342.80685282 342.80685282 0.00032400
344.00 0.00057700 0.00005700 343.30685282 343.30685282 0.00042100
344.50 0.00057600 0.00005700 343.80685282 343.80685282 0.00032200
345.00 0.00057600 0.00005700 344.30685282 344.30685282 0.00031600
345.50 0.00057700 0.00005700 344.80685282 344.80685282 0.00032300
346.00 0.00057700 0.00005700 345.30685282 345.30685282 0.00032200
346.50 0.00057600 0.00005700 345.80685282 345.80685282 0.00032400
347.00 0.00060600 0.00005700 346.30685282 346.30685282 0.00032300
347.50 0.00057600 0.00005700 346.80685282 346.80685282 0.00032300
348.00 0.00057500 0.00005700 347.30685282 347.30685282 0.00032300
348.50 0.00057700 0.00005700 347.80685282 347.80685282 0.00032300
349.00 0.00075300 0.00005700 348.30685282 348.30685282 0.00032300
349.50 0.00057700 0.00005700 348.80685282 348.80685282 0.00032400
350.00 0.00057600 0.00005700 349.30685282 349.30685282 0.00039100
350.50 0.00061100 0.00005700 349.80685282 349.80685282 0.00032300
351.00 0.00057600 0.00005800 350.30685282 350.30685282 0.00053600
351.50 0.00066600 0.00005700 350.80685282 350.80685282 0.00032300
352.00 0.00062600 0.00005800 351.30685282 351.30685282 0.00032300
352.50 0.00066000 0.00005800 351.80685282 351.80685282 0.00032200
353.00 0.00064100 0.00005800 352.30685282 352.30685282 0.00032400
353.50 0.00058300 0.00005700 352.80685282 352.80685282 0.00031900
354.00 0.00055000 0.00005800 353.30685282 353.30685282 0.00031700
354.50 0.00059700 0.00013000 353.80685282 353.80685282 0.00032300
355.00 0.00058500 0.00005700 354.30685282 354.30685282 0.00032400
355.50 0.00057600 0.00005800 354.80685282 354.80685282 0.00032400
356.00 0.00067400 0.00006100 355.30685282 355.30685282 0.00034700
356.50 0.00062800 0.00006200 355.80685282 355.80685282 0.00035000
357.00 0.00069200 0.00011700 356.30685282 356.30685282 0.00035600
357.50 0.00061100 0.00005700 356.80685282 356.80685282 0.00032700
358.00 0.00058600 0.00005700 357.30685282 357.30685282 0.00032300
358.50 0.00057600 0.00005800 357.80685282 357.80685282 0.00032300
359.00 0.00057600 0.00005700 358.30685282 358.30685282 0.00032300
359.50 0.00057600 0.00005700 358.80685282 358.80685282 0.00032400
360.00 0.00071800 0.00007500 359.30685282 359.30685282 0.00032400
360.50 0.00062000 0.00008700 359.80685282 359.80685282 0.00032400
361.00 0.00058300 0.00005800 360.30685282 360.30685282 0.00032500
361.50 0.00057500 0.00005800 360.80685282 360.80685282 0.00032300
362.00 0.00057700 0.00005700 361.30685282 361.30685282 0.00032300
362.50 0.00057600 0.00005700 361.80685282 361.80685282 0.00047700
363.00 0.00057600 0.00005800 362.30685282 362.30685282 0.00032300
363.50 0.00057600 0.00005700 362.80685282 362.80685282 0.00032400
364.00 0.00057500 0.00005800 363.30685282 363.30685282 0.00032300
364.50 0.00057600 0.00005700 363.80685282 363.80685282 0.00032300
365.00 0.00060400 0.00009600 364.30685282 364.30685282 0.00040800
365.50 0.00057500 0.00005700 364.80685282 364.80685282 0.00032400
366.00 0.00057600 0.00005800 365.30685282 365.30685282 0.00039400
366.50 0.00057600 0.00005800 365.80685282 365.80685282 0.00032200
367.00 0.00057600 0.00005700 366.30685282 366.30685282 0.00032300
367.50 0.00057600 0.00005700 366.80685282 366.80685282 0.00032200
368.00 0.00057600 0.00005700 367.30685282 367.30685282 0.00032300
368.50 0.00057600 0.00005700 367.80685282 367.80685282 0.00032300
369.00 0.00064500 0.00005700 368.30685282 368.30685282 0.00032400
369.50 0.00057600 0.00005700 368.80685282 368.80685282 0.00032300
370.00 0.00061200 0.00005700 369.30685282 369.30685282 0.00032300
370.50 0.00057700 0.00005700 369.80685282 369.80685282 0.00032300
371.00 0.00057600 0.00005800 370.30685282 370.30685282 0.00032300
371.50 0.00057500 0.00005700 370.80685282 370.80685282 0.00032300
372.00 0.00057600 0.00005700 371.30685282 371.30685282 0.00032300
372.50 0.00057600 0.00005700 371.80685282 371.80685282 0.00032300
373.00 0.00057600 0.00005800 372.30685282 372.30685282 0.00032300
373.50 0.00057500 0.00005700 372.80685282 372.80685282 0.00032400
374.00 0.00068300 0.00005700 373.30685282 373.30685282 0.00032300
374.50 0.00057700 0.00005700 373.80685282 373.80685282 0.00032300
375.00 0.00057600 0.00005800 374.30685282 374.30685282 0.00032400
375.50 0.00057600 0.00005700 374.80685282 374.80685282 0.00032200
376.00 0.00057600 0.00005900 375.30685282 375.30685282 0.00032200
376.50 0.00057600 0.00005700 375.80685282 375.80685282 0.00032200
377.00 0.00057700 0.00005700 376.30685282 376.30685282 0.00032300
377.50 0.00064500 0.00005700 376.80685282 376.80685282 0.00032300
378.00 0.00057500 0.00005800 377.30685282 377.30685282 0.00032300
378.50 0.00057700 0.00005700 377.80685282 377.80685282 0.00032200
379.00 0.00057700 0.00005700 378.30685282 378.30685282 0.00032400
379.50 0.00057800 0.00005700 378.80685282 378.80685282 0.00032300
380.00 0.00057600 0.00005800 379.30685282 379.30685282 0.00032300
380.50 0.00057700 0.00005800 379.80685282 379.80685282 0.00032300
381.00 0.00057600 0.00005700 380.30685282 380.30685282 0.00032300
381.50 0.00057700 0.00005700 380.80685282 380.80685282 0.00032300
382.00 0.00057500 0.00005700 381.30685282 381.30685282 0.00046300
382.50 0.00057500 0.00005800 381.80685282 381.80685282 0.00032300
383.00 0.00057600 0.00005700 382.30685282 382.30685282 0.00032300
383.50 0.00057600 0.00005700 382.80685282 382.80685282 0.00032400
384.00 0.00057600 0.00005700 383.30685282 383.30685282 0.00032300
384.50 0.00057500 0.00005700 383.80685282 383.80685282 0.00032300
385.00 0.00057500 0.00005800 384.30685282 384.30685282 0.00036700
385.50 0.00086400 0.00005700 384.80685282 384.80685282 0.00032300
386.00 0.00057600 0.00005700 385.30685282 385.30685282 0.00032400
386.50 0.00061300 0.00005800 385.80685282 385.80685282 0.00031800
387.00 0.00057500 0.00005700 386.30685282 386.30685282 0.00032200
387.50 0.00057500 0.00005700 386.80685282 386.80685282 0.00032400
388.00 0.00057600 0.00005700 387.30685282 387.30685282 0.00032200
388.50 0.00057600 0.00005700 387.80685282 387.80685282 0.00032200
389.00 0.00057600 0.00005700 388.30685282 388.30685282 0.00032300
389.50 0.00057600 0.00005800 388.80685282 388.80685282 0.00032200
390.00 0.00057600 0.00005700 389.30685282 389.30685282 0.00032300
390.50 0.00057700 0.00005700 389.80685282 389.80685282 0.00032200
391.00 0.00071500 0.00005700 390.30685282 390.30685282 0.00032400
391.50 0.00057700 0.00005700 390.80685282 390.80685282 0.00032300
392.00 0.00085000 0.00006600 391.30685282 391.30685282 0.00046800
392.50 0.00061000 0.00005700 391.80685282 391.80685282 0.00032300
393.00 0.00057600 0.00005700 392.30685282 392.30685282 0.00032300
393.50 0.00057500 0.00005700 392.80685282 392.80685282 0.00032300
394.00 0.00057600 0.00007900 393.30685282 393.30685282 0.00035900
394.50 0.00057700 0.00005700 393.80685282 393.80685282 0.00039500
395.00 0.00057600 0.00005700 394.30685282 394.30685282 0.00032300
395.50 0.00057700 0.00005700 394.80685282 394.80685282 0.00032300
396.00 0.00057500 0.00005700 395.30685282 395.30685282 0.00032300
396.50 0.00057500 0.00005700 395.80685282 395.80685282 0.00032600
397.00 0.00057600 0.00005700 396.30685282 396.30685282 0.00032400
397.50 0.00061100 0.00005800 396.80685282 396.80685282 0.00032300
398.00 0.00057600 0.00005700 397.30685282 397.30685282 0.00032300
398.50 0.00057500 0.00005800 397.80685282 397.80685282 0.00032300
399.00 0.00068000 0.00005700 398.30685282 398.30685282 0.00032300
399.50 0.00057600 0.00005700 398.80685282 398.80685282 0.00032400
400.00 0.00057700 0.00005700 399.30685282 399.30685282 0.00032300
400.50 0.00057600 0.00005900 399.80685282 399.80685282 0.00032300
401.00 0.00057600 0.00005700 400.30685282 400.30685282 0.00032300
401.50 0.00057700 0.00005700 400.80685282 400.80685282 0.00032500
402.00 0.00057700 0.00005700 401.30685282 401.30685282 0.00032500
402.50 0.00057900 0.00012600 401.80685282 401.80685282 0.00032400
403.00 0.00057500 0.00005800 402.30685282 402.30685282 0.00032300
403.50 0.00067900 0.00005700 402.80685282 402.80685282 0.00032300
404.00 0.00057700 0.00005700 403.30685282 403.30685282 0.00032300
404.50 0.00057500 0.00005700 403.80685282 403.80685282 0.00032300
405.00 0.00057600 0.00005800 404.30685282 404.30685282 0.00032200
405.50 0.00057600 0.00005800 404.80685282 404.80685282 0.00032300
406.00 0.00057600 0.00005700 405.30685282 405.30685282 0.00032200
406.50 0.00057700 0.00005700 405.80685282 405.80685282 0.00032400
407.00 0.00057700 0.00005700 406.30685282 406.30685282 0.00046300
407.50 0.00057600 0.00005800 406.80685282 406.80685282 0.00032300
408.00 0.00057500 0.00005800 407.30685282 407.30685282 0.00032300
408.50 0.00057600 0.00005700 407.80685282 407.80685282 0.00032300
409.00 0.00057700 0.00005700 408.30685282 408.30685282 0.00032400
409.50 0.00057700 0.00005700 408.80685282 408.80685282 0.00032400
410.00 0.00057500 0.00005700 409.30685282 409.30685282 0.00032200
410.50 0.00057700 0.00005700 409.80685282 409.80685282 0.00032300
411.00 0.00064500 0.00005700 410.30685282 410.30685282 0.00032300
411.50 0.00057600 0.00005800 410.80685282 410.80685282 0.00032300
412.00 0.00057700 0.00005800 411.30685282 411.30685282 0.00032300
412.50 0.00057500 0.00005700 411.80685282 411.80685282 0.00032300
413.00 0.00057600 0.00005700 412.30685282 412.30685282 0.00053500
413.50 0.00083800 0.00011000 412.80685282 412.80685282 0.00058900
414.00 0.00096700 0.00012000 413.30685282 413.30685282 0.00033900
414.50 0.00057700 0.00005700 413.80685282 413.80685282 0.00032300
415.00 0.00057600 0.00005700 414.30685282 414.30685282 0.00042800
415.50 0.00064600 0.00005700 414.80685282 414.80685282 0.00032200
416.00 0.00057600 0.00005800 415.30685282 415.30685282 0.00037600
416.50 0.00059200 0.00005700 415.80685282 415.80685282 0.00032300
417.00 0.00057600 0.00005700 416.30685282 416.30685282 0.00032300
417.50 0.00057700 0.00005800 416.80685282 416.80685282 0.00032300
418.00 0.00057700 0.00005800 417.30685282 417.30685282 0.00032100
418.50 0.00064400 0.00005800 417.80685282 417.80685282 0.00031800
419.00 0.00055100 0.00005800 418.30685282 418.30685282 0.00031500
419.50 0.00055100 0.00005700 418.80685282 418.80685282 0.00031200
420.00 0.00055100 0.00005900 419.30685282 419.30685282 0.00031900
420.50 0.00055000 0.00005700 419.80685282 419.80685282 0.00031100
421.00 0.00055100 0.00005800 420.30685282 420.30685282 0.00031600
421.50 0.00055000 0.00005900 420.80685282 420.80685282 0.00031200
422.00 0.00055100 0.00005800 421.30685282 421.30685282 0.00031200
422.50 0.00055100 0.00005700 421.80685282 421.80685282 0.00031900
423.00 0.00055200 0.00005700 422.30685282 422.30685282 0.00031900
423.50 0.00071800 0.00005700 422.80685282 422.80685282 0.00032300
424.00 0.00057500 0.00005700 423.30685282 423.30685282 0.00032200
424.50 0.00057700 0.00005700 423.80685282 423.80685282 0.00032200
425.00 0.00057500 0.00005700 424.30685282 424.30685282 0.00032300
425.50 0.00057600 0.00009300 424.80685282 424.80685282 0.00032300
426.00 0.00057800 0.00005800 425.30685282 425.30685282 0.00032600
426.50 0.00064100 0.00005700 425.80685282 425.80685282 0.00032300
427.00 0.00057600 0.00005700 426.30685282 426.30685282 0.00032300
427.50 0.00074200 0.00005700 426.80685282 426.80685282 0.00032200
428.00 0.00057700 0.00005700 427.30685282 427.30685282 0.00032300
428.50 0.00057600 0.00005700 427.80685282 427.80685282 0.00032300
429.00 0.00057500 0.00005800 428.30685282 428.30685282 0.00032100
429.50 0.00057700 0.00005700 428.80685282 428.80685282 0.00032400
430.00 0.00057700 0.00005700 429.30685282 429.30685282 0.00032300
430.50 0.00057600 0.00005800 429.80685282 429.80685282 0.00032200
431.00 0.00057600 0.00005800 430.30685282 430.30685282 0.00032200
431.50 0.00060600 0.00005700 430.80685282 430.80685282 0.00032400
432.00 0.00059600 0.00009400 431.30685282 431.30685282 0.00040900
432.50 0.00057700 0.00005700 431.80685282 431.80685282 0.00032300
433.00 0.00057700 0.00005700 432.30685282 432.30685282 0.00032300
433.50 0.00057700 0.00005700 432.80685282 432.80685282 0.00032400
434.00 0.00057600 0.00005800 433.30685282 433.30685282 0.00031600
434.50 0.00057500 0.00005700 433.80685282 433.80685282 0.00032200
435.00 0.00057800 0.00005700 434.30685282 434.30685282 0.00032400
435.50 0.00057700 0.00005700 434.80685282 434.80685282 0.00032400
436.00 0.00057500 0.00005700 435.30685282 435.30685282 0.00032300
436.50 0.00063100 0.00007500 435.80685282 435.80685282 0.00054100
437.00 0.00057600 0.00005700 436.30685282 436.30685282 0.00032300
437.50 0.00057700 0.00005700 436.80685282 436.80685282 0.00032400
438.00 0.00057800 0.00005800 437.30685282 437.30685282 0.00032300
438.50 0.00057700 0.00005700 437.80685282 437.80685282 0.00032400
439.00 0.00057600 0.00005700 438.30685282 438.30685282 0.00032200
439.50 0.00057500 0.00005700 438.80685282 438.80685282 0.00032300
440.00 0.00057600 0.00005800 439.30685282 439.30685282 0.00032300
440.50 0.00068200 0.00005700 439.80685282 439.80685282 0.00032400
441.00 0.00057700 0.00005700 440.30685282 440.30685282 0.00032200
441.50 0.00057600 0.00005800 440.80685282 440.80685282 0.00035800
442.00 0.00055100 0.00005700 441.30685282 441.30685282 0.00031900
442.50 0.00055700 0.00005700 441.80685282 441.80685282 0.00031900
443.00 0.00055300 0.00005800 442.30685282 442.30685282 0.00031900
443.50 0.00055100 0.00005800 442.80685282 442.80685282 0.00031400
444.00 0.00055100 0.00005900 443.30685282 443.30685282 0.00031200
444.50 0.00055000 0.00005700 443.80685282 443.80685282 0.00031400
445.00 0.00055000 0.00005800 444.30685282 444.30685282 0.00031800
445.50 0.00068100 0.00012800 444.80685282 444.80685282 0.00061100
446.00 0.00110100 0.00008800 445.30685282 445.30685282 0.00045600
446.50 0.00079400 0.00005700 445.80685282 445.80685282 0.00041200
447.00 0.00055000 0.00005700 446.30685282 446.30685282 0.00034000
447.50 0.00057800 0.00005700 446.80685282 446.80685282 0.00032400
448.00 0.00057700 0.00005700 447.30685282 447.30685282 0.00032300
448.50 0.00067800 0.00005700 447.80685282 447.80685282 0.00032300
449.00 0.00057500 0.00005700 448.30685282 448.30685282 0.00032300
449.50 0.00057500 0.00005700 448.80685282 448.80685282 0.00035800
450.00 0.00057900 0.00005800 449.30685282 449.30685282 0.00032300
450.50 0.00057600 0.00005700 449.80685282 449.80685282 0.00032400
451.00 0.00057500 0.00005700 450.30685282 450.30685282 0.00032300
451.50 0.00057700 0.00005700 450.80685282 450.80685282 0.00032300
452.00 0.00057600 0.00005900 451.30685282 451.30685282 0.00032200
452.50 0.00057600 0.00005700 451.80685282 451.80685282 0.00032200
453.00 0.00057500 0.00005700 452.30685282 452.30685282 0.00032300
453.50 0.00057600 0.00005700 452.80685282 452.80685282 0.00032400
454.00 0.00057700 0.00005700 453.30685282 453.30685282 0.00032300
454.50 0.00057600 0.00005700 453.80685282 453.80685282 0.00032300
455.00 0.00057600 0.00005700 454.30685282 454.30685282 0.00032400
455.50 0.00057600 0.00005700 454.80685282 454.80685282 0.00032200
456.00 0.00057700 0.00005700 455.30685282 455.30685282 0.00032300
456.50 0.00057600 0.00005700 455.80685282 455.80685282 0.00032200
457.00 0.00071400 0.00005800 456.30685282 456.30685282 0.00032300
457.50 0.00057500 0.00005700 456.80685282 456.80685282 0.00032400
458.00 0.00057700 0.00005700 457.30685282 457.30685282 0.00032400
458.50 0.00057600 0.00005700 457.80685282 457.80685282 0.00032300
459.00 0.00057600 0.00005700 458.30685282 458.30685282 0.00032300
459.50 0.00067800 0.00005700 458.80685282 458.80685282 0.00032300
460.00 0.00057700 0.00005800 459.30685282 459.30685282 0.00032300
460.50 0.00057700 0.00005700 459.80685282 459.80685282 0.00032400
461.00 0.00064900 0.00005700 460.30685282 460.30685282 0.00032400
461.50 0.00057600 0.00005700 460.80685282 460.80685282 0.00032300
462.00 0.00057700 0.00005700 461.30685282 461.30685282 0.00032400
462.50 0.00057700 0.00005700 461.80685282 461.80685282 0.00032400
463.00 0.00057600 0.00005700 462.30685282 462.30685282 0.00032300
463.50 0.00057600 0.00005800 462.80685282 462.80685282 0.00032300
464.00 0.00057600 0.00005700 463.30685282 463.30685282 0.00032300
464.50 0.00057700 0.00005700 463.80685282 463.80685282 0.00032300
465.00 0.00057600 0.00005800 464.30685282 464.30685282 0.00032300
465.50 0.00057600 0.00006000 464.80685282 464.80685282 0.00042800
466.00 0.00057700 0.00005800 465.30685282 465.30685282 0.00032200
466.50 0.00057700 0.00005900 465.80685282 465.80685282 0.00042900
467.00 0.00057600 0.00005800 466.30685282 466.30685282 0.00032400
467.50 0.00057700 0.00005600 466.80685282 466.80685282 0.00032300
468.00 0.00057500 0.00005800 467.30685282 467.30685282 0.00032200
468.50 0.00057700 0.00005700 467.80685282 467.80685282 0.00032500
469.00 0.00057600 0.00005800 468.30685282 468.30685282 0.00032400
469.50 0.00057700 0.00005700 468.80685282 468.80685282 0.00031800
470.00 0.00057700 0.00005700 469.30685282 469.30685282 0.00039800
470.50 0.00057600 0.00005700 469.80685282 469.80685282 0.00032300
471.00 0.00057700 0.00005700 470.30685282 470.30685282 0.00031500
471.50 0.00057600 0.00005700 470.80685282 470.80685282 0.00032500
472.00 0.00057700 0.00005700 471.30685282 471.30685282 0.00032600
472.50 0.00057500 0.00005800 471.80685282 471.80685282 0.00032300
473.00 0.00058300 0.00005700 472.30685282 472.30685282 0.00032300
473.50 0.00057700 0.00005700 472.80685282 472.80685282 0.00031600
474.00 0.00071700 0.00005700 473.30685282 473.30685282 0.00032300
474.50 0.00057600 0.00005700 473.80685282 473.80685282 0.00032300
475.00 0.00073300 0.00006300 474.30685282 474.30685282 0.00043200
475.50 0.00076500 0.00012600 474.80685282 474.80685282 0.00036200
476.00 0.00064600 0.00005700 475.30685282 475.30685282 0.00032300
476.50 0.00064700 0.00005700 475.80685282 475.80685282 0.00032300
477.00 0.00067900 0.00005700 476.30685282 476.30685282 0.00032300
477.50 0.00057600 0.00005700 476.80685282 476.80685282 0.00032400
478.00 0.00057800 0.00005700 477.30685282 477.30685282 0.00032000
478.50 0.00057600 0.00005700 477.80685282 477.80685282 0.00032300
479.00 0.00057600 0.00005700 478.30685282 478.30685282 0.00032300
479.50 0.00057700 0.00005700 478.80685282 478.80685282 0.00039200
480.00 0.00069100 0.00005700 479.30685282 479.30685282 0.00032200
480.50 0.00057900 0.00005700 479.80685282 479.80685282 0.00032400
481.00 0.00057600 0.00005700 480.30685282 480.30685282 0.00032200
481.50 0.00057600 0.00005800 480.80685282 480.80685282 0.00043100
482.00 0.00059100 0.00005700 481.30685282 481.30685282 0.00045500
482.50 0.00086600 0.00007500 481.80685282 481.80685282 0.00033900
483.00 0.00097200 0.00012000 482.30685282 482.30685282 0.00032300
483.50 0.00220400 0.00021500 482.80685282 482.80685282 0.00100700
484.00 0.00239400 0.00021600 483.30685282 483.30685282 0.00105000
484.50 0.00109600 0.00009000 483.80685282 483.80685282 0.00051100
485.00 0.00066600 0.00006600 484.30685282 484.30685282 0.00037200
485.50 0.00236200 0.00021600 484.80685282 484.80685282 0.00093100
486.00 0.00144100 0.00014300 485.30685282 485.30685282 0.00079300
486.50 0.00108100 0.00010800 485.80685282 485.80685282 0.00060500
487.00 0.00108000 0.00010700 486.30685282 486.30685282 0.00058700
487.50 0.00089700 0.00009000 486.80685282 486.80685282 0.00050600
488.00 0.00089900 0.00008900 487.30685282 487.30685282 0.00050100
488.50 0.00089400 0.00008900 487.80685282 487.80685282 0.00047900
489.00 0.00073100 0.00007700 488.30685282 488.30685282 0.00042300
489.50 0.00073000 0.00007700 488.80685282 488.80685282 0.00041400
490.00 0.00073100 0.00007700 489.30685282 489.30685282 0.00042200
490.50 0.00072800 0.00007600 489.80685282 489.80685282 0.00043300
491.00 0.00066600 0.00006700 490.30685282 490.30685282 0.00037300
491.50 0.00066400 0.00006700 490.80685282 490.80685282 0.00037300
492.00 0.00066500 0.00006600 491.30685282 491.30685282 0.00037600
492.50 0.00063500 0.00006600 491.80685282 491.80685282 0.00036800
493.00 0.00063900 0.00006700 492.30685282 492.30685282 0.00036800
493.50 0.00065800 0.00010400 492.80685282 492.80685282 0.00034600
494.00 0.00061700 0.00006200 493.30685282 493.30685282 0.00034200
494.50 0.00073400 0.00006100 493.80685282 493.80685282 0.00034700
495.00 0.00061700 0.00006100 494.30685282 494.30685282 0.00034700
495.50 0.00061600 0.00006100 494.80685282 494.80685282 0.00033900
496.00 0.00061900 0.00006100 495.30685282 495.30685282 0.00034700
496.50 0.00061700 0.00006100 495.80685282 495.80685282 0.00034700
497.00 0.00061600 0.00006100 496.30685282 496.30685282 0.00034500
497.50 0.00061700 0.00006200 496.80685282 496.80685282 0.00034500
498.00 0.00061800 0.00006100 497.30685282 497.30685282 0.00038100
498.50 0.00075300 0.00006100 497.80685282 497.80685282 0.00034700
499.00 0.00081000 0.00006100 498.30685282 498.30685282 0.00051300
499.50 0.00089700 0.00011500 498.80685282 498.80685282 0.00053200
500.00 0.00092400 0.00009500 499.30685282 499.30685282 0.00036900
