-7.0192126608        0.0439271000        0.0006963224        0.0008957240
-7.0421653432        0.0538566329       -0.0010657657        0.0038143009
-7.0316549840        0.0443322459        0.0011626761        0.0056157633
-7.0438979897        0.0517315661        0.0055178757        0.0097978259
-6.9741370408        0.0420730959       -0.0119505128        0.0114594286
-7.0099213394        0.0418432838       -0.0040652959        0.0143512643
-7.0091418789        0.0394485158       -0.0053552047        0.0165676670
-7.0419162456        0.0428610473        0.0068632166        0.0208335785
-6.9851527701        0.0321411724       -0.0311063153        0.0168577518
-7.0215833292        0.0391014021        0.0007906797        0.0239412275
-7.0307336394        0.0385195668        0.0002359367        0.0264498061
-7.0688149872        0.0451494962        0.0436509214        0.0369534311
-6.9976976892        0.0334374675       -0.0134068542        0.0311250216
-7.0143494203        0.0366516932       -0.0001223908        0.0348506794
-7.0330410773        0.0288624708        0.0287786894        0.0343017253
-6.9945672877        0.0281964851       -0.0298331899        0.0348698479
-7.0202029884        0.0287743602       -0.0088691505        0.0402827447
-7.0230917973        0.0247900461       -0.0246420596        0.0313125990
-6.9830763870        0.0223849048       -0.0477030313        0.0398368128
-7.0064226327        0.0213421051       -0.0095444993        0.0371453241
-7.0037469611        0.0173588196       -0.0284929329        0.0348589054
-6.9876602263        0.0165963066       -0.0396683579        0.0436859767
-7.0662294656        0.0226439526        0.0810333245        0.0428606456
-7.0163792827        0.0170163411        0.0117263099        0.0428660664
-6.9980235214        0.0123354616       -0.0680117937        0.0358290948
-6.9981702336        0.0119328400       -0.0666559604        0.0348997769
-7.0233456829        0.0153151725        0.0334939186        0.0460522729
-7.0106546455        0.0101346982       -0.0358396170        0.0438021223
-7.0390401055        0.0170243164        0.0691719994        0.0465525518
-7.0307861168        0.0127107505       -0.0234756134        0.0367726641
-7.0193510885        0.0150189008        0.0765355615        0.0420494790
-7.0307810445        0.0113536953       -0.0482940210        0.0464891040
-7.0334285061        0.0136868182        0.0024605313        0.0442103208
-7.0205581512        0.0115162343        0.0031720187        0.0367069672
-7.0304831991        0.0118838204        0.0041264473        0.0378567997
-7.0302748688        0.0127590460        0.0557035695        0.0475702637
-7.0152087269        0.0149775628        0.0637072846        0.0460286553
-7.0171715073        0.0142488416        0.0247606703        0.0457457159
-7.0240860449        0.0160896710        0.0194756360        0.0432533783
-7.0240702497        0.0162386897       -0.0526671847        0.0369908820
-7.0589022568        0.0149189587       -0.0177713977        0.0402912456
-7.0487524090        0.0145241014       -0.0265068497        0.0346482941
-7.0405898892        0.0163487146        0.0009944032        0.0482574562
-7.0397642220        0.0150902051       -0.0578981121        0.0354720526
-7.0736974988        0.0156933344       -0.0565891233        0.0304213430
-7.0044450633        0.0188611288        0.0436118846        0.0409621719
-7.0043388206        0.0224090036        0.0495240485        0.0401398070
-7.0620704446        0.0172950521       -0.0062882980        0.0315745550
-6.9581679785        0.0276007320        0.0093817309        0.0454371922
-6.9798536186        0.0244511743       -0.0349690728        0.0414172375
-6.9606072726        0.0248999111       -0.0384499775        0.0319115481
-6.9516438046        0.0263497180        0.0327585283        0.0386019652
-6.9731155954        0.0281436048        0.0201389534        0.0354646950
-6.9554728513        0.0305815656        0.0018534049        0.0307525889
-7.0346189924        0.0239264052       -0.0337472419        0.0340461344
-7.0085132726        0.0248409318       -0.0260863994        0.0323170331
-7.0141965610        0.0254450671       -0.0711675390        0.0324248214
-6.9844901037        0.0261753005        0.0289952580        0.0364713767
-6.9801180457        0.0315449899       -0.0329817019        0.0328135003
-7.0231510403        0.0266437592        0.0095900983        0.0323007755
-7.0058031156        0.0307302062        0.0081724078        0.0358381320
-6.9903632351        0.0287885584       -0.0237563676        0.0338056699
-6.9869283063        0.0287285808        0.0019996595        0.0296747413
-6.9640160460        0.0302654845        0.0140174536        0.0302385681
-6.9887979478        0.0311021277       -0.0227566889        0.0299697269
-6.9721830239        0.0311819913        0.0538440553        0.0329081931
-6.9619291085        0.0299089902        0.0209359944        0.0333339315
-7.0015533452        0.0296512982       -0.0511664406        0.0329798073
-6.9981862324        0.0340374235        0.0012606709        0.0359740525
-6.9651508100        0.0304556687       -0.0064472727        0.0295271444
-6.8969783050        0.0312525586        0.0951895254        0.0330859001
-6.9830268557        0.0349349919        0.0234349893        0.0357193075
-6.9757838048        0.0312812318       -0.0034488803        0.0307519502
-6.9661203693        0.0300018602        0.0414355630        0.0310813252
-6.9254929454        0.0360259589        0.0241010644        0.0360960386
-6.9560889436        0.0359197188        0.0288302131        0.0363480512
-6.9921477613        0.0341593738       -0.0320724204        0.0296264613
-6.9318878961        0.0317265003        0.0521361417        0.0325207133
-6.9658864411        0.0330982214        0.0263436772        0.0297155334
-6.9645964757        0.0311484622       -0.0059499226        0.0300473536
-7.0466510540        0.0279337421       -0.0542859490        0.0252236429
-7.0218994968        0.0330573278       -0.0277501167        0.0298880167
-7.0242681807        0.0334094797       -0.0320895943        0.0290847564
-6.9178921722        0.0342264933        0.0306446484        0.0279490734
-6.9612486697        0.0297028696       -0.0117683085        0.0298206395
-7.0127981447        0.0316740869       -0.0567352389        0.0262427483
-6.9838887482        0.0313931112       -0.0159528836        0.0311949356
-6.9749494362        0.0329004828        0.0165701160        0.0287232788
-6.9776804879        0.0293250056       -0.0079807600        0.0236172639
-6.9761249010        0.0359196789        0.0477933543        0.0291343183
-6.9843524501        0.0357544505        0.0199385778        0.0303237752
-7.0005856776        0.0309334868        0.0383265566        0.0254714525
-6.9446589463        0.0361456340        0.0556768179        0.0294228904
-6.9672816181        0.0375435996       -0.0051544663        0.0325054719
-6.9692328261        0.0352980425       -0.0118991019        0.0275311979
-6.9529623831        0.0391905485       -0.0012324302        0.0229324858
-6.9833772122        0.0384287455       -0.0086035138        0.0287346194
-7.0165806094        0.0330796134       -0.0401401617        0.0271011810
-7.0225906851        0.0314348370       -0.0313637707        0.0257368945
-6.9773262967        0.0368362269       -0.0134363688        0.0257573395
-6.8739838180        0.0464515350        0.0727820529        0.0338648814
-7.0105916959        0.0323463095       -0.0170186489        0.0280261637
-7.0245441824        0.0306923455       -0.0340752781        0.0246372397
-6.9897905698        0.0393373542        0.0044904739        0.0283530516
-6.9689634711        0.0426049173        0.0029092113        0.0254972635
-6.9393454668        0.0400522194        0.0240983742        0.0288200013
-7.0128180414        0.0364986779       -0.0111728829        0.0307271884
-7.0155466437        0.0366889365       -0.0381068288        0.0275428304
-6.9650812721        0.0401387056        0.0073572961        0.0255842949
-7.0126817791        0.0340499121        0.0049854944        0.0227085950
-6.9548033090        0.0431004146       -0.0064989287        0.0255568223
-6.9983557154        0.0388357557       -0.0048469710        0.0295699631
-6.9426784065        0.0356775253        0.0266506561        0.0230059537
-7.0016565783        0.0358439604       -0.0168101934        0.0258359489
-6.9999947553        0.0456655346       -0.0268668705        0.0283107691
-6.9980497726        0.0400541232       -0.0144518206        0.0306679334
-7.0135386035        0.0406352715        0.0147299682        0.0271935956
-7.0291218968        0.0419653676       -0.0070294368        0.0299203478
-7.0474558705        0.0391514865       -0.0263117745        0.0251943772
-6.9684730751        0.0431771059       -0.0179697567        0.0229455838
-7.0100263023        0.0369262696        0.0091669756        0.0232913536
-6.9788382136        0.0399761665       -0.0317587336        0.0251489972
-6.9671539191        0.0458475525        0.0284010631        0.0232594158
-6.9404918133        0.0398373277        0.0018745577        0.0219040670
-7.0237995904        0.0393504965       -0.0380449383        0.0212169832
-6.9438833344        0.0354581865       -0.0216829957        0.0236949334
-6.8924831922        0.0369829479        0.0101884761        0.0216405498
-6.9910745010        0.0375853149       -0.0048672846        0.0250106633
-7.0195849483        0.0356055349       -0.0289575016        0.0221179514
-6.9591393332        0.0379345832       -0.0233887022        0.0237954038
-6.9407969587        0.0456732172       -0.0284595783        0.0239842213
-6.9939377050        0.0309039994       -0.0208278586        0.0254518047
-7.0245385062        0.0394545687       -0.0248474284        0.0277500052
-6.9799355204        0.0350134461        0.0008521894        0.0263631101
-6.9461409986        0.0432224201       -0.0108334906        0.0269086338
-6.9343632262        0.0365786798        0.0581224237        0.0300490492
-6.9366063621        0.0366910615       -0.0013270589        0.0243919817
-7.0311516025        0.0336005646       -0.0542310936        0.0266123067
-6.9708848321        0.0344266738        0.0015474746        0.0260504426
-6.9472996216        0.0343231558       -0.0423080187        0.0222172158
-6.9448477950        0.0396039550       -0.0114115200        0.0320869866
-6.9150742831        0.0382050393        0.0292971734        0.0314305099
-6.9281492687        0.0426615444        0.0043082806        0.0249566382
-6.8914173512        0.0364166570        0.0247859640        0.0257095045
-6.9256651420        0.0353255454        0.0385008553        0.0258393464
-6.8750518798        0.0391627861       -0.0406703350        0.0232392213
-6.9438724576        0.0385450690       -0.0082338653        0.0238472446
-6.8564542910        0.0429506330       -0.0150375458        0.0228966943
-6.8673448442        0.0366033575        0.0231879617        0.0260797291
-6.9499963544        0.0344584399       -0.0049513447        0.0214796225
-6.9383495181        0.0376714994       -0.0538585905        0.0235424167
-6.8513097832        0.0418734512       -0.0426695958        0.0253397196
-6.8993465936        0.0512482673        0.0202365470        0.0274615795
-6.9536377647        0.0423432168       -0.0339498941        0.0208318002
-6.8703779822        0.0383571062        0.0084916465        0.0192670829
-6.8587114466        0.0363011885        0.0006986912        0.0251344090
-6.8690649013        0.0448891928       -0.0000861415        0.0231226968
-6.8816816181        0.0404027792       -0.0367076105        0.0229405265
-6.8626535729        0.0371910025        0.0383592151        0.0269774356
-6.9341438308        0.0437644484       -0.0582155261        0.0189225912
-6.8800564152        0.0385052398       -0.0048376922        0.0207904132
-6.8404300618        0.0369682817        0.0256624096        0.0240077790
-6.8752699780        0.0393533347        0.0033553378        0.0227604869
-6.8458628134        0.0393127191       -0.0341071709        0.0219092174
-6.7975053843        0.0391157046        0.0062616227        0.0229263703
-6.8612032265        0.0405927248        0.0149492325        0.0211806906
-6.8891089229        0.0368939634       -0.0403113659        0.0208183616
-6.8289881024        0.0400328716       -0.0030466764        0.0191990653
-6.8534223008        0.0471060898        0.0356262124        0.0221366282
-6.8965105752        0.0426554468        0.0287687262        0.0210440091
-6.8411534739        0.0458182342       -0.0161764242        0.0166498799
-6.8713837171        0.0439500430       -0.0089323077        0.0175643723
-6.8231180816        0.0384659675       -0.0176546497        0.0207302463
-6.9114460356        0.0473877083        0.0362313095        0.0181741779
-6.8471742577        0.0437936713       -0.0001376754        0.0214722524
-6.8654404052        0.0424854955       -0.0063871841        0.0187064250
-6.7717551003        0.0437959652        0.0328970388        0.0209791199
-6.9100540701        0.0412969383        0.0345376825        0.0182771985
-6.8857164756        0.0487933015        0.0147874947        0.0188458402
-6.7894925475        0.0487622381        0.0201100599        0.0202886147
-6.7657902300        0.0464596769        0.0116712846        0.0232871415
-6.9001980739        0.0433886848        0.0291862531        0.0208828833
-6.7992487802        0.0439752357        0.0206009146        0.0204475344
-6.7147833600        0.0437023049       -0.0484590555        0.0237261492
-6.6734003837        0.0462600545       -0.0065835256        0.0241811095
-6.5777035512        0.0559701124       -0.0020085668        0.0291544349
-5.8351520251        0.0712004124       -0.0354206987        0.0400013472
-5.8586871449        0.0659076424        0.0097648627        0.0364561274
-5.8677942260        0.0746829693        0.0088748707        0.0290612316
-5.9482322883        0.0742225483        0.0701419080        0.0395772582
-5.9408410761        0.0836963152        0.0100599730        0.0383312457
-6.0119320974        0.0716472317        0.0186459117        0.0431689912
-6.0092377458        0.0650430925        0.0805807429        0.0470156380
-5.7274831081        0.0732049521       -0.0593570786        0.0443767051
-5.9591809509        0.0720911786        0.0431276093        0.0461255048
-5.8104822778        0.0623020320       -0.0940964402        0.0415687314
-5.8296650109        0.0631805540       -0.0139191768        0.0491460012
-5.8358333947        0.0765681079       -0.0627485506        0.0391652719
-5.8284411774        0.0716988378       -0.0438781124        0.0422897565
-5.8519070594        0.0618072481       -0.0286076569        0.0454909782
